0	Ayuntamiento	0.011646459331466146	0.004973282056450603	0.010804819453939584	0.0034082918097150363	0.13768054199268612	0.002476567901534927	0.00512199440996749	0.40732858147349976	0.41248198482022164	0.004077476750518756
1	R.	0.0355607723926225	0.015185194591796144	0.032990947240662864	0.01040672412476952	0.00971658434918503	0.007561840466262248	0.01563926616882019	0.011705801240962998	0.027440970037287966	0.8337918993876305
2	N	0.0355607723926225	0.015185194591796144	0.85433286345876	0.01040672412476952	0.00971658434918503	0.007561840466262248	0.01563926616882019	0.011705801240962998	0.027440970037287966	0.012449983169533291
3	Toseta	0.019524490199216538	0.9102459083961854	0.018113538675465456	0.005713767432739062	0.005334849136597543	0.004151796210765268	0.008586672293412185	0.0064270201749210085	0.015066347396356764	0.006835610084340949
4	DOS	0.004455451973011221	0.0019025713068767224	0.8273888133016168	0.0013038709908310975	0.0012174025477154086	9.474320932352388E-4	0.0019594624812697683	0.0014666339262514412	0.15779848800343388	0.0015598733757583277
5	Dirijase	0.0355607723926225	0.015185194591796144	0.032990947240662864	0.01040672412476952	0.00971658434918503	0.41823279857531087	0.42631022427786885	0.011705801240962998	0.027440970037287966	0.012449983169533291
6	AGUILAR.	0.0355607723926225	0.4258561527008447	0.032990947240662864	0.01040672412476952	0.00971658434918503	0.007561840466262248	0.01563926616882019	0.011705801240962998	0.43811192814633654	0.012449983169533291
7	Luna	0.4462317305016711	0.015185194591796144	0.44366190534971145	0.01040672412476952	0.00971658434918503	0.007561840466262248	0.01563926616882019	0.011705801240962998	0.027440970037287966	0.012449983169533291
8	Este	0.5239113181910422	0.0023956238340767763	0.0052046682076237446	0.0016417699620015728	0.0015328931685406702	0.001192959704332729	0.002467258391389813	0.0018467130124869542	0.45784268000568557	0.001964115522819971
9	HERALDO	0.010265735584222257	0.0043836840986806475	0.009523874715272895	0.0030042282823135296	0.0028049977264053938	0.0021829631229501917	0.004514766143091099	0.003379247756893978	0.9563464232899079	0.0035940792802622427
10	P.	0.0355607723926225	0.015185194591796144	0.44366190534971145	0.42107768223381814	0.00971658434918503	0.007561840466262248	0.01563926616882019	0.011705801240962998	0.027440970037287966	0.012449983169533291
11	GUSTI	0.4462317305016711	0.015185194591796144	0.032990947240662864	0.01040672412476952	0.00971658434918503	0.007561840466262248	0.42631022427786885	0.011705801240962998	0.027440970037287966	0.012449983169533291
12	SAN	0.013456309815101989	0.005746126118233926	0.6340806868796384	0.00393793763636717	0.003676786541743688	0.0028614245765795077	0.005917948252781688	0.0044295125649487345	0.32118215423179214	0.004711113382812845
13	IMONAS.	0.0355607723926225	0.015185194591796144	0.032990947240662864	0.01040672412476952	0.4203875424582336	0.007561840466262248	0.42631022427786885	0.011705801240962998	0.027440970037287966	0.012449983169533291
14	SAS,	0.0355607723926225	0.015185194591796144	0.032990947240662864	0.42107768223381814	0.00971658434918503	0.007561840466262248	0.42631022427786885	0.011705801240962998	0.027440970037287966	0.012449983169533291
15	BATAS	0.0355607723926225	0.015185194591796144	0.85433286345876	0.01040672412476952	0.00971658434918503	0.007561840466262248	0.01563926616882019	0.011705801240962998	0.027440970037287966	0.012449983169533291
16	De	0.019524490199216538	0.45929163731480455	0.018113538675465456	0.005713767432739062	0.005334849136597543	0.004151796210765268	0.23406380783410258	0.0064270201749210085	0.2405434829370471	0.006835610084340949
17	En	0.0355607723926225	0.015185194591796144	0.032990947240662864	0.01040672412476952	0.00971658434918503	0.007561840466262248	0.01563926616882019	0.42237675935001157	0.43811192814633654	0.012449983169533291
18	Especialidad	0.013456309815101989	0.005746126118233926	0.012483879772424274	0.00393793763636717	0.9360719972025648	0.0028614245765795077	0.005917948252781688	0.0044295125649487345	0.010383750678185038	0.004711113382812845
19	Gran	0.009177691851481085	0.003919066636955136	0.008514459256404941	0.0026858164425113407	0.0025077019143781216	0.001951595450829208	0.004036255571054535	0.003021088391390828	0.0070820949648495975	0.9571042295201453
20	Ayuntamiento	0.013456309815101989	0.005746126118233926	0.012483879772424274	0.00393793763636717	0.003676786541743688	0.0028614245765795077	0.005917948252781688	0.0044295125649487345	0.7873797595622026	0.1601103151596164
21	ALIII.	0.005610085098808692	0.0023956238340767763	0.0052046682076237446	0.0016417699620015728	0.0015328931685406702	0.9730077717522707	0.002467258391389813	0.0018467130124869542	0.004329101049981214	0.001964115522819971
22	Situated	0.002941796122585324	0.0012562085569355406	0.0027292050802904862	8.609053915098158E-4	8.038129725533153E-4	0.985845913029738	0.001293772026871381	9.683726866844879E-4	0.0022700783426296244	0.0010299357902019003
23	ISERN	0.0355607723926225	0.015185194591796144	0.032990947240662864	0.01040672412476952	0.4203875424582336	0.41823279857531087	0.01563926616882019	0.011705801240962998	0.027440970037287966	0.012449983169533291
24	HIMERICAIN	0.019524490199216538	0.00833736623342379	0.018113538675465456	0.005713767432739062	0.005334849136597543	0.9060603383735267	0.008586672293412185	0.0064270201749210085	0.015066347396356764	0.006835610084340949
25	ESELLAS	0.0355607723926225	0.4258561527008447	0.44366190534971145	0.01040672412476952	0.00971658434918503	0.007561840466262248	0.01563926616882019	0.011705801240962998	0.027440970037287966	0.012449983169533291
26	RIIIIIIIIIIIIIIIIIIIIIIIIIIIIIIIIII.	0.4462317305016711	0.015185194591796144	0.032990947240662864	0.01040672412476952	0.00971658434918503	0.007561840466262248	0.01563926616882019	0.011705801240962998	0.43811192814633654	0.012449983169533291
27	Sufre	0.8569026886107197	0.015185194591796144	0.032990947240662864	0.01040672412476952	0.00971658434918503	0.007561840466262248	0.01563926616882019	0.011705801240962998	0.027440970037287966	0.012449983169533291
28	IIII.	0.0355607723926225	0.015185194591796144	0.44366190534971145	0.01040672412476952	0.4203875424582336	0.007561840466262248	0.01563926616882019	0.011705801240962998	0.027440970037287966	0.012449983169533291
29	MENT.	0.0355607723926225	0.4258561527008447	0.032990947240662864	0.01040672412476952	0.4203875424582336	0.007561840466262248	0.01563926616882019	0.011705801240962998	0.027440970037287966	0.012449983169533291
30	N	0.009177691851481085	0.003919066636955136	0.008514459256404941	0.0026858164425113407	0.0025077019143781216	0.001951595450829208	0.004036255571054535	0.003021088391390828	0.0070820949648495975	0.9571042295201453
31	Se	0.003404432891653793	0.0014537641467315043	0.5142643582269715	9.962942737453742E-4	0.04024606555180538	7.239375489527527E-4	0.0014972349744997583	0.433594926912622	0.002627078510623426	0.0011919069623945674
32	En	0.31632587878595586	0.01076451918465191	0.60562164305414	0.007377144942942147	0.006887916911687008	0.00536045661307057	0.011086402593687785	0.008298038017777147	0.019452424308834964	0.008825575587252485
33	Los	0.0075725042418934695	0.003233617908822759	0.18192628554582846	0.002216064423712611	0.002069102307130543	0.0016102594278624906	0.09078081730239508	0.0024926969688190467	0.705447484758213	0.002651167115322617
34	Balsamo	0.0355607723926225	0.015185194591796144	0.032990947240662864	0.42107768223381814	0.00971658434918503	0.007561840466262248	0.01563926616882019	0.42237675935001157	0.027440970037287966	0.012449983169533291
35	Las	0.0069635392081624625	0.08339149621465403	0.006460313968670602	0.002037853134101131	0.0019027094051254335	0.1623166039740516	0.5659879276539862	0.16312807772420285	0.00537351294440132	0.002437965772644295
36	C.	0.0355607723926225	0.4258561527008447	0.032990947240662864	0.01040672412476952	0.00971658434918503	0.007561840466262248	0.42631022427786885	0.011705801240962998	0.027440970037287966	0.012449983169533291
37	ROQUE,	0.015932153797877407	0.006803363352630221	0.014780805084114128	0.004662483915065541	0.004353283290139693	0.003387901814205177	0.007006799265678405	0.00524450435550995	0.9322507878498684	0.005577917274911068
38	Boletín	0.0355607723926225	0.015185194591796144	0.032990947240662864	0.01040672412476952	0.00971658434918503	0.007561840466262248	0.01563926616882019	0.011705801240962998	0.027440970037287966	0.8337918993876305
39	R.	0.4462317305016711	0.015185194591796144	0.032990947240662864	0.01040672412476952	0.00971658434918503	0.007561840466262248	0.01563926616882019	0.011705801240962998	0.43811192814633654	0.012449983169533291
40	LEVADURA	0.1461447362368219	0.004973282056450603	0.010804819453939584	0.0034082918097150363	0.00318226508733036	0.002476567901534927	0.00512199440996749	0.8108234121895671	0.008987154104154332	0.004077476750518756
41	De	0.4462317305016711	0.015185194591796144	0.032990947240662864	0.01040672412476952	0.00971658434918503	0.007561840466262248	0.01563926616882019	0.42237675935001157	0.027440970037287966	0.012449983169533291
42	La	0.019524490199216538	0.00833736623342379	0.24359067421615585	0.005713767432739062	0.005334849136597543	0.004151796210765268	0.008586672293412185	0.6828584267969922	0.015066347396356764	0.006835610084340949
43	HERALDO	0.0038596716123143	0.0016481606149135138	0.0035807496283337824	0.0011295181453902367	0.0010546122105319423	8.207420430085189E-4	0.0016974443356507522	0.8035869113167795	0.18127090204784901	0.0013512880452283872
44	Convencanse	0.0355607723926225	0.015185194591796144	0.032990947240662864	0.01040672412476952	0.4203875424582336	0.007561840466262248	0.01563926616882019	0.011705801240962998	0.027440970037287966	0.42312094127858196
45	BICOCHOS	0.0020405751020774734	8.71368306124004E-4	0.0018931114541036965	5.971665043923305E-4	5.575643824962603E-4	4.3391924143182826E-4	8.97424184337396E-4	0.9904198180166996	0.0015746384700732958	7.14414338264031E-4
46	Si	0.008298184700490907	0.003543498663200077	0.0076985103311188775	0.002428432036316169	0.002267386396932263	0.0017645721575414526	0.0036494572675798407	0.9610413164990569	0.006403410905025605	0.0029052310427380872
47	RONAL	0.025208410358352015	0.01076451918465191	0.02338670619893245	0.007377144942942147	0.006887916911687008	0.00536045661307057	0.011086402593687785	0.8816504433005886	0.019452424308834964	0.008825575587252485
48	N	0.005610085098808692	0.0023956238340767763	0.9770194802555616	0.0016417699620015728	0.0015328931685406702	0.001192959704332729	0.002467258391389813	0.0018467130124869542	0.004329101049981214	0.001964115522819971
49	ENCLISA	0.0355607723926225	0.4258561527008447	0.032990947240662864	0.01040672412476952	0.4203875424582336	0.007561840466262248	0.01563926616882019	0.011705801240962998	0.027440970037287966	0.012449983169533291
50	Geraldine	0.0355607723926225	0.015185194591796144	0.44366190534971145	0.42107768223381814	0.00971658434918503	0.007561840466262248	0.01563926616882019	0.011705801240962998	0.027440970037287966	0.012449983169533291
51	R	0.009177691851481085	0.10990696431994446	0.8564176407203197	0.0026858164425113407	0.0025077019143781216	0.001951595450829208	0.004036255571054535	0.003021088391390828	0.0070820949648495975	0.003213150373241256
52	S	0.008298184700490907	0.003543498663200077	0.0076985103311188775	0.002428432036316169	0.002267386396932263	0.0017645721575414526	0.0036494572675798407	0.002731574547714234	0.9647131528563682	0.0029052310427380872
53	HUMACAO,	0.0355607723926225	0.4258561527008447	0.032990947240662864	0.01040672412476952	0.00971658434918503	0.007561840466262248	0.01563926616882019	0.011705801240962998	0.027440970037287966	0.42312094127858196
54	R.	0.0355607723926225	0.015185194591796144	0.44366190534971145	0.01040672412476952	0.00971658434918503	0.007561840466262248	0.01563926616882019	0.42237675935001157	0.027440970037287966	0.012449983169533291
55	ABRIL	0.0355607723926225	0.015185194591796144	0.032990947240662864	0.01040672412476952	0.00971658434918503	0.41823279857531087	0.01563926616882019	0.011705801240962998	0.027440970037287966	0.42312094127858196
56	Año	0.0355607723926225	0.015185194591796144	0.032990947240662864	0.42107768223381814	0.4203875424582336	0.007561840466262248	0.01563926616882019	0.011705801240962998	0.027440970037287966	0.012449983169533291
57	A	0.0355607723926225	0.4258561527008447	0.032990947240662864	0.01040672412476952	0.00971658434918503	0.41823279857531087	0.01563926616882019	0.011705801240962998	0.027440970037287966	0.012449983169533291
58	Entered	0.010265735584222257	0.0043836840986806475	0.009523874715272895	0.0030042282823135296	0.0028049977264053938	0.0021829631229501917	0.004514766143091099	0.003379247756893978	0.9563464232899079	0.0035940792802622427
59	D.	0.4462317305016711	0.015185194591796144	0.032990947240662864	0.42107768223381814	0.00971658434918503	0.007561840466262248	0.01563926616882019	0.011705801240962998	0.027440970037287966	0.012449983169533291
60	R.	0.0355607723926225	0.4258561527008447	0.032990947240662864	0.01040672412476952	0.00971658434918503	0.007561840466262248	0.01563926616882019	0.42237675935001157	0.027440970037287966	0.012449983169533291
61	Laces.	0.0355607723926225	0.015185194591796144	0.44366190534971145	0.01040672412476952	0.00971658434918503	0.007561840466262248	0.01563926616882019	0.42237675935001157	0.027440970037287966	0.012449983169533291
62	S.	0.0355607723926225	0.4258561527008447	0.032990947240662864	0.01040672412476952	0.00971658434918503	0.007561840466262248	0.01563926616882019	0.42237675935001157	0.027440970037287966	0.012449983169533291
63	SUMARIO	0.0355607723926225	0.015185194591796144	0.85433286345876	0.01040672412476952	0.00971658434918503	0.007561840466262248	0.01563926616882019	0.011705801240962998	0.027440970037287966	0.012449983169533291
64	Ana	0.0355607723926225	0.015185194591796144	0.44366190534971145	0.01040672412476952	0.00971658434918503	0.41823279857531087	0.01563926616882019	0.011705801240962998	0.027440970037287966	0.012449983169533291
65	JOSEFA	0.0355607723926225	0.015185194591796144	0.032990947240662864	0.01040672412476952	0.00971658434918503	0.007561840466262248	0.8369811823869174	0.011705801240962998	0.027440970037287966	0.012449983169533291
66	La	0.0355607723926225	0.015185194591796144	0.032990947240662864	0.01040672412476952	0.00971658434918503	0.007561840466262248	0.01563926616882019	0.8330477174590601	0.027440970037287966	0.012449983169533291
67	Alfredo	0.8569026886107197	0.015185194591796144	0.032990947240662864	0.01040672412476952	0.00971658434918503	0.007561840466262248	0.01563926616882019	0.011705801240962998	0.027440970037287966	0.012449983169533291
68	Ana	0.025208410358352015	0.5929994560398596	0.02338670619893245	0.007377144942942147	0.006887916911687008	0.00536045661307057	0.011086402593687785	0.008298038017777147	0.31056989273643876	0.008825575587252485
69	Fidela	0.011646459331466146	0.004973282056450603	0.010804819453939584	0.0034082918097150363	0.00318226508733036	0.9439645062390252	0.00512199440996749	0.003833750757432507	0.008987154104154332	0.004077476750518756
70	INTERNATIONAL	0.025208410358352015	0.01076451918465191	0.02338670619893245	0.8807295502257536	0.006887916911687008	0.00536045661307057	0.011086402593687785	0.008298038017777147	0.019452424308834964	0.008825575587252485
71	Davia	0.39162208148102795	0.003543498663200077	0.0076985103311188775	0.002428432036316169	0.002267386396932263	0.0017645721575414526	0.0036494572675798407	0.002731574547714234	0.5813892560758311	0.0029052310427380872
72	Redacción	0.0355607723926225	0.015185194591796144	0.85433286345876	0.01040672412476952	0.00971658434918503	0.007561840466262248	0.01563926616882019	0.011705801240962998	0.027440970037287966	0.012449983169533291
73	Ateme	0.0355607723926225	0.015185194591796144	0.44366190534971145	0.01040672412476952	0.4203875424582336	0.007561840466262248	0.01563926616882019	0.011705801240962998	0.027440970037287966	0.012449983169533291
74	Margarita	0.0355607723926225	0.015185194591796144	0.032990947240662864	0.01040672412476952	0.00971658434918503	0.007561840466262248	0.01563926616882019	0.011705801240962998	0.027440970037287966	0.8337918993876305
75	Ayuntamiento	0.025208410358352015	0.01076451918465191	0.02338670619893245	0.007377144942942147	0.006887916911687008	0.00536045661307057	0.011086402593687785	0.008298038017777147	0.8928048295916465	0.008825575587252485
76	S.	0.0355607723926225	0.015185194591796144	0.032990947240662864	0.8317486403428667	0.00971658434918503	0.007561840466262248	0.01563926616882019	0.011705801240962998	0.027440970037287966	0.012449983169533291
77	HaNUESTRO	0.9458515204759232	0.005746126118233926	0.012483879772424274	0.00393793763636717	0.003676786541743688	0.0028614245765795077	0.005917948252781688	0.0044295125649487345	0.010383750678185038	0.004711113382812845
78	Hay	0.0020898226743554468	0.16983153956786176	0.07434128933619988	6.115786181915752E-4	0.09710767302762208	4.443915191654247E-4	9.190827659486103E-4	0.6523103253085569	0.0016126410516924	7.316561304059907E-4
79	Primeramente	0.36796763980501496	7.963070320764561E-4	0.0017300353396061288	5.457254796004212E-4	0.6250379150304247	3.965406371531187E-4	8.201184088529933E-4	6.138486924167615E-4	0.0014389962061794753	6.528733686751017E-4
80	Los	0.0010504257118543418	4.485537789399471E-4	0.037366807590616384	3.074030697685476E-4	0.9343558363531032	2.2336836689043315E-4	4.6196654889505806E-4	3.457763646302283E-4	0.025072103543216775	3.6775867208510695E-4
81	Estados	8.796855823546253E-4	3.7564416768472137E-4	8.16114462177827E-4	2.574366234519991E-4	0.4980305846481039	1.8706123592570562E-4	3.868767757747512E-4	0.46760284068758523	6.788217488952939E-4	0.03078493406804581
82	Además,	0.0046971358585086494	0.0020057753877796786	0.0043576939100016115	0.0013745988561880353	0.9776849286001373	9.9882509913567E-4	0.0020657525970264523	0.0015461907900771402	0.0036246109317115763	0.0016444879694338754
83	POR	0.019524490199216538	0.00833736623342379	0.9200220808382269	0.005713767432739062	0.005334849136597543	0.004151796210765268	0.008586672293412185	0.0064270201749210085	0.015066347396356764	0.006835610084340949
84	DENCIA.	0.0355607723926225	0.015185194591796144	0.44366190534971145	0.42107768223381814	0.00971658434918503	0.007561840466262248	0.01563926616882019	0.011705801240962998	0.027440970037287966	0.012449983169533291
85	Quiere	0.001303406842277852	5.565820200343543E-4	0.12162759774748583	3.814370306741885E-4	0.8282325214190795	2.7716368179855764E-4	5.732250781165185E-4	4.2905202573668153E-4	0.031110387854880503	0.01550862629991591
86	Con	0.010265735584222257	0.4785960461385258	0.483736236755118	0.0030042282823135296	0.0028049977264053938	0.0021829631229501917	0.004514766143091099	0.003379247756893978	0.007921699210217552	0.0035940792802622427
87	FOMA.	0.0355607723926225	0.015185194591796144	0.032990947240662864	0.01040672412476952	0.00971658434918503	0.007561840466262248	0.01563926616882019	0.42237675935001157	0.43811192814633654	0.012449983169533291
88	Y	0.3495813564953295	9.877523567377309E-4	0.028858905294548143	6.769268722913767E-4	0.5348908546616591	4.918755368377401E-4	0.0010172883806340218	0.05418730996306882	0.028497895560406446	8.098348784871918E-4
89	Ana	0.0355607723926225	0.015185194591796144	0.032990947240662864	0.01040672412476952	0.00971658434918503	0.41823279857531087	0.42631022427786885	0.011705801240962998	0.027440970037287966	0.012449983169533291
90	HERALDO	0.10854888688394602	0.0013003867462227211	0.6358469896367456	8.911816072977858E-4	8.320813691160477E-4	6.47559506724435E-4	0.0013392712436869501	0.0010024282991993756	0.2485250582606297	0.0010661564464312912
91	No	0.9666079266518334	0.003543498663200077	0.0076985103311188775	0.002428432036316169	0.002267386396932263	0.0017645721575414526	0.0036494572675798407	0.002731574547714234	0.006403410905025605	0.0029052310427380872
92	Este	0.006445227429932118	0.0027522471005777724	0.005979458369106658	0.0018861711732283987	0.0017610864938807935	0.0013705490155223776	0.002834545498123127	0.002121622961801595	0.9725925894235034	0.002256502534323932
93	Esta	0.006445227429932118	0.0027522471005777724	0.5270050947810557	0.0018861711732283987	0.0017610864938807935	0.0013705490155223776	0.002834545498123127	0.002121622961801595	0.45156695301155414	0.002256502534323932
94	Se	0.005268736049872866	0.002249860641011531	0.12657920662122962	0.0015418754674920954	0.0014396233489237277	0.001120373343641121	0.002317136550001223	0.12342556825766327	0.4299849629426488	0.3060726567775156
95	Más	0.006445227429932118	0.07718448087371335	0.6014373285541914	0.0018861711732283987	0.0017610864938807935	0.0013705490155223776	0.30056348059066545	0.002121622961801595	0.004973550372740671	0.002256502534323932
96	Estamos	0.0069635392081624625	0.0029735770853359356	0.006460313968670602	0.002037853134101131	0.0019027094051254335	0.0014807657154154229	0.003062493748759565	0.00229223946556666	0.9703885424962185	0.002437965772644295
97	Por	0.004039735269966373	0.0483776364867343	0.0037478008544424915	0.0011822130865853505	0.0011038125962401593	8.590317808663817E-4	0.0017766345016645903	0.0013297893986730413	0.9361690168993192	0.0014143291255081284
98	Postmaster	0.011646459331466146	0.004973282056450603	0.9522927577914299	0.0034082918097150363	0.00318226508733036	0.002476567901534927	0.00512199440996749	0.003833750757432507	0.008987154104154332	0.004077476750518756
99	HERALDO	0.4462317305016711	0.015185194591796144	0.032990947240662864	0.01040672412476952	0.00971658434918503	0.007561840466262248	0.01563926616882019	0.011705801240962998	0.43811192814633654	0.012449983169533291
100	Humaca,	0.0355607723926225	0.015185194591796144	0.032990947240662864	0.01040672412476952	0.4203875424582336	0.007561840466262248	0.42631022427786885	0.011705801240962998	0.027440970037287966	0.012449983169533291
101	R.	0.4462317305016711	0.015185194591796144	0.032990947240662864	0.01040672412476952	0.00971658434918503	0.007561840466262248	0.42631022427786885	0.011705801240962998	0.027440970037287966	0.012449983169533291
102	Publisher........................	0.0355607723926225	0.015185194591796144	0.032990947240662864	0.8317486403428667	0.00971658434918503	0.007561840466262248	0.01563926616882019	0.011705801240962998	0.027440970037287966	0.012449983169533291
103	Ana	0.0355607723926225	0.015185194591796144	0.44366190534971145	0.01040672412476952	0.00971658434918503	0.007561840466262248	0.01563926616882019	0.011705801240962998	0.027440970037287966	0.42312094127858196
104	Humaca,	0.0355607723926225	0.015185194591796144	0.032990947240662864	0.01040672412476952	0.00971658434918503	0.8289037566843593	0.01563926616882019	0.011705801240962998	0.027440970037287966	0.012449983169533291
105	R.	0.0355607723926225	0.015185194591796144	0.032990947240662864	0.01040672412476952	0.00971658434918503	0.007561840466262248	0.01563926616882019	0.42237675935001157	0.027440970037287966	0.42312094127858196
106	Editor	0.4462317305016711	0.015185194591796144	0.032990947240662864	0.01040672412476952	0.00971658434918503	0.007561840466262248	0.42631022427786885	0.011705801240962998	0.027440970037287966	0.012449983169533291
107	Ana	0.4462317305016711	0.015185194591796144	0.44366190534971145	0.01040672412476952	0.00971658434918503	0.007561840466262248	0.01563926616882019	0.011705801240962998	0.027440970037287966	0.012449983169533291
108	Humaca,	0.0355607723926225	0.015185194591796144	0.032990947240662864	0.01040672412476952	0.4203875424582336	0.007561840466262248	0.01563926616882019	0.42237675935001157	0.027440970037287966	0.012449983169533291
109	R.	0.4462317305016711	0.015185194591796144	0.032990947240662864	0.01040672412476952	0.4203875424582336	0.007561840466262248	0.01563926616882019	0.011705801240962998	0.027440970037287966	0.012449983169533291
110	Editor	0.8569026886107197	0.015185194591796144	0.032990947240662864	0.01040672412476952	0.00971658434918503	0.007561840466262248	0.01563926616882019	0.011705801240962998	0.027440970037287966	0.012449983169533291
111	Geraldine	0.0355607723926225	0.015185194591796144	0.032990947240662864	0.01040672412476952	0.4203875424582336	0.007561840466262248	0.01563926616882019	0.011705801240962998	0.43811192814633654	0.012449983169533291
112	Manatí,	0.0355607723926225	0.015185194591796144	0.032990947240662864	0.01040672412476952	0.8310585005672823	0.007561840466262248	0.01563926616882019	0.011705801240962998	0.027440970037287966	0.012449983169533291
113	R.	0.0355607723926225	0.015185194591796144	0.032990947240662864	0.42107768223381814	0.00971658434918503	0.007561840466262248	0.42631022427786885	0.011705801240962998	0.027440970037287966	0.012449983169533291
114	Managing	0.0355607723926225	0.4258561527008447	0.44366190534971145	0.01040672412476952	0.00971658434918503	0.007561840466262248	0.01563926616882019	0.011705801240962998	0.027440970037287966	0.012449983169533291
115	Ana	0.0355607723926225	0.015185194591796144	0.44366190534971145	0.01040672412476952	0.00971658434918503	0.007561840466262248	0.01563926616882019	0.011705801240962998	0.43811192814633654	0.012449983169533291
116	Humaca,	0.0355607723926225	0.015185194591796144	0.032990947240662864	0.01040672412476952	0.00971658434918503	0.8289037566843593	0.01563926616882019	0.011705801240962998	0.027440970037287966	0.012449983169533291
117	R.	0.0355607723926225	0.015185194591796144	0.032990947240662864	0.42107768223381814	0.00971658434918503	0.007561840466262248	0.01563926616882019	0.42237675935001157	0.027440970037287966	0.012449983169533291
118	Business	0.0355607723926225	0.015185194591796144	0.032990947240662864	0.01040672412476952	0.8310585005672823	0.007561840466262248	0.01563926616882019	0.011705801240962998	0.027440970037287966	0.012449983169533291
119	Ana	0.0355607723926225	0.015185194591796144	0.44366190534971145	0.01040672412476952	0.00971658434918503	0.007561840466262248	0.42631022427786885	0.011705801240962998	0.027440970037287966	0.012449983169533291
120	Humaca,	0.4462317305016711	0.015185194591796144	0.032990947240662864	0.01040672412476952	0.00971658434918503	0.007561840466262248	0.42631022427786885	0.011705801240962998	0.027440970037287966	0.012449983169533291
121	R.	0.0355607723926225	0.015185194591796144	0.032990947240662864	0.01040672412476952	0.00971658434918503	0.007561840466262248	0.42631022427786885	0.011705801240962998	0.43811192814633654	0.012449983169533291
122	Fco.	0.0355607723926225	0.015185194591796144	0.032990947240662864	0.42107768223381814	0.00971658434918503	0.41823279857531087	0.01563926616882019	0.011705801240962998	0.027440970037287966	0.012449983169533291
123	Gonzalez	0.019524490199216538	0.00833736623342379	0.018113538675465456	0.005713767432739062	0.005334849136597543	0.004151796210765268	0.008586672293412185	0.23190415571561138	0.691497754018428	0.006835610084340949
124	HERALDO	0.025208410358352015	0.01076451918465191	0.02338670619893245	0.007377144942942147	0.8802403221944985	0.00536045661307057	0.011086402593687785	0.008298038017777147	0.019452424308834964	0.008825575587252485
125	La	0.0355607723926225	0.015185194591796144	0.032990947240662864	0.42107768223381814	0.00971658434918503	0.007561840466262248	0.01563926616882019	0.42237675935001157	0.027440970037287966	0.012449983169533291
126	Joseta	0.0355607723926225	0.015185194591796144	0.032990947240662864	0.01040672412476952	0.00971658434918503	0.007561840466262248	0.42631022427786885	0.42237675935001157	0.027440970037287966	0.012449983169533291
127	El	0.14314663625644436	4.379289534728343E-4	9.514327203278906E-4	3.001216597845225E-4	0.7227291019921355	2.1807747419370124E-4	0.03598129697203389	0.012181010330505017	0.08369534601301758	3.590476280846404E-4
128	Las	0.07945151642990987	7.188980284101869E-4	0.021003857876732587	4.926755077308905E-4	0.8947919691281704	3.5799292327048747E-4	7.403947013376479E-4	5.541764632793183E-4	0.001299111390256866	5.894075509017782E-4
129	Los	0.06243733022041874	7.479825820320964E-4	0.0016250469331547009	0.728741013591743	0.20276428157420487	3.724762908158825E-4	7.703489487293873E-4	5.765968545243627E-4	0.001351669713409201	6.132532909676835E-4
130	Alfredo	0.0355607723926225	0.015185194591796144	0.032990947240662864	0.01040672412476952	0.00971658434918503	0.007561840466262248	0.42631022427786885	0.011705801240962998	0.027440970037287966	0.42312094127858196
131	NOTA.—También	0.6294816091034731	0.0025615827728032443	0.005565226154941672	0.001755505013661625	0.0016390856850006267	0.2783791054534008	0.0026381798767977356	0.001974645673418592	0.004629003315802257	0.07137605695070036
132	La	0.4462317305016711	0.015185194591796144	0.032990947240662864	0.01040672412476952	0.00971658434918503	0.007561840466262248	0.01563926616882019	0.011705801240962998	0.027440970037287966	0.42312094127858196
133	Hoy	0.019524490199216538	0.00833736623342379	0.9200220808382269	0.005713767432739062	0.005334849136597543	0.004151796210765268	0.008586672293412185	0.0064270201749210085	0.015066347396356764	0.006835610084340949
134	Aguavo	0.005268736049872866	0.9757796176375663	0.004887986996660266	0.0015418754674920954	0.0014396233489237277	0.001120373343641121	0.002317136550001223	0.001734348633093904	0.004065694256656104	0.0018446077160922153
135	Plario	0.4462317305016711	0.015185194591796144	0.032990947240662864	0.01040672412476952	0.00971658434918503	0.007561840466262248	0.42631022427786885	0.011705801240962998	0.027440970037287966	0.012449983169533291
136	Maca	0.32425471336870904	0.005746126118233926	0.012483879772424274	0.00393793763636717	0.003676786541743688	0.0028614245765795077	0.005917948252781688	0.0044295125649487345	0.6319805577853991	0.004711113382812845
137	Ladia,	0.006445227429932118	0.5237778835125269	0.30370839346164896	0.0018861711732283987	0.0017610864938807935	0.0013705490155223776	0.002834545498123127	0.15098609050807277	0.004973550372740671	0.002256502534323932
138	Aguayo	0.07039773923533789	0.8446351276089563	0.0052046682076237446	0.0016417699620015728	0.0015328931685406702	0.001192959704332729	0.002467258391389813	0.0018467130124869542	0.0691167551865104	0.001964115522819971
139	Como	0.9787984930464279	0.002249860641011531	0.004887986996660266	0.0015418754674920954	0.0014396233489237277	0.001120373343641121	0.002317136550001223	0.001734348633093904	0.004065694256656104	0.0018446077160922153
140	Congratilamos	0.72158427864399	0.0043836840986806475	0.009523874715272895	0.0030042282823135296	0.0028049977264053938	0.0021829631229501917	0.004514766143091099	0.003379247756893978	0.007921699210217552	0.24070026030018482
141	E	0.0355607723926225	0.015185194591796144	0.44366190534971145	0.01040672412476952	0.4203875424582336	0.007561840466262248	0.01563926616882019	0.011705801240962998	0.027440970037287966	0.012449983169533291
142	Cuando	0.6556314616097585	0.0020057753877796786	0.0043576939100016115	0.0013745988561880353	0.0012834399732624905	9.9882509913567E-4	0.0020657525970264523	0.0015461907900771402	0.0036246109317115763	0.3271116508450588
143	Los	0.7749459782615649	0.003543498663200077	0.0076985103311188775	0.002428432036316169	0.09809836059206652	0.0017645721575414526	0.0036494572675798407	0.002731574547714234	0.10223438510015985	0.0029052310427380872
144	Estudiando	0.8985608156411635	0.01076451918465191	0.02338670619893245	0.007377144942942147	0.006887916911687008	0.00536045661307057	0.011086402593687785	0.008298038017777147	0.019452424308834964	0.008825575587252485
145	Buscando	0.8401373691539513	0.0043836840986806475	0.12807696522523418	0.0030042282823135296	0.0028049977264053938	0.0021829631229501917	0.004514766143091099	0.003379247756893978	0.007921699210217552	0.0035940792802622427
146	¿Qué	0.8478495888736882	0.0023956238340767763	0.13477997648068213	0.0016417699620015728	0.0015328931685406702	0.001192959704332729	0.002467258391389813	0.0018467130124869542	0.004329101049981214	0.001964115522819971
147	Heraldo	0.006445227429932118	0.0027522471005777724	0.005979458369106658	0.0018861711732283987	0.0017610864938807935	0.0013705490155223776	0.002834545498123127	0.002121622961801595	0.9725925894235034	0.002256502534323932
148	Ayuntamiento	0.025208410358352015	0.01076451918465191	0.02338670619893245	0.007377144942942147	0.006887916911687008	0.00536045661307057	0.011086402593687785	0.008298038017777147	0.8928048295916465	0.008825575587252485
149	IIIIICIOZ	0.036914911747999456	0.0012562085569355406	0.0027292050802904862	8.609053915098158E-4	8.038129725533153E-4	6.255598927281496E-4	0.6128098532843259	0.3406995289408259	0.0022700783426296244	0.0010299357902019003
150	Con	0.003404432891653793	0.0014537641467315043	0.0031584090658342604	9.962942737453742E-4	9.30223308640976E-4	7.239375489527527E-4	0.9843932910536097	0.0011206622378135943	0.002627078510623426	0.0011919069623945674
151	Que	0.0075725042418934695	0.003233617908822759	0.00702527170011167	0.002216064423712611	0.002069102307130543	0.0016102594278624906	0.965285886530979	0.0024926969688190467	0.005843429375345757	0.002651167115322617
152	Que	0.002514644569075257	0.0010738058973807087	0.0023329219453228846	7.359011219802763E-4	6.870985757527822E-4	5.347280101442573E-4	0.46574891356818315	8.277640651969876E-4	0.001940460840179579	0.5236037614067842
153	¿Qué	0.009177691851481085	0.003919066636955136	0.008514459256404941	0.0026858164425113407	0.0025077019143781216	0.001951595450829208	0.9579273347179584	0.003021088391390828	0.0070820949648495975	0.003213150373241256
154	Suenan	0.025208410358352015	0.01076451918465191	0.3145041746265363	0.5896120817981497	0.006887916911687008	0.00536045661307057	0.011086402593687785	0.008298038017777147	0.019452424308834964	0.008825575587252485
155	Vuelve	0.005268736049872866	0.002249860641011531	0.004887986996660266	0.0015418754674920954	0.0014396233489237277	0.001120373343641121	0.002317136550001223	0.001734348633093904	0.004065694256656104	0.9753743647126472
156	Ayuntamiento	0.025208410358352015	0.01076451918465191	0.02338670619893245	0.007377144942942147	0.006887916911687008	0.00536045661307057	0.011086402593687785	0.008298038017777147	0.8928048295916465	0.008825575587252485
157	Como	0.0355607723926225	0.015185194591796144	0.032990947240662864	0.01040672412476952	0.00971658434918503	0.007561840466262248	0.01563926616882019	0.8330477174590601	0.027440970037287966	0.012449983169533291
158	HE	0.004237421957683898	0.0018094679239399507	0.003931201569496231	0.0012400653401725798	0.001157828278315637	0.9796121701098557	0.0018635750971362514	0.0013948633810054877	0.0032698662360965305	0.001483540106297583
159	INTERNACIONAL	0.0030452528497588015	0.0013003867462227211	0.0028251854316222237	8.911816072977858E-4	8.320813691160477E-4	0.9853481438258052	0.0013392712436869501	0.0010024282991993756	0.0023499121808595344	0.0010661564464312912
160	Angual	0.009177691851481085	0.003919066636955136	0.008514459256404941	0.0026858164425113407	0.0025077019143781216	0.9558426745977333	0.004036255571054535	0.003021088391390828	0.0070820949648495975	0.003213150373241256
161	Lonis	0.010265735584222257	0.12293677460864193	0.009523874715272895	0.0030042282823135296	0.0028049977264053938	0.8320545966926791	0.004514766143091099	0.003379247756893978	0.007921699210217552	0.0035940792802622427
162	In	0.009177691851481085	0.003919066636955136	0.008514459256404941	0.0026858164425113407	0.0025077019143781216	0.9558426745977333	0.004036255571054535	0.003021088391390828	0.0070820949648495975	0.003213150373241256
163	Tue	0.015932153797877407	0.006803363352630221	0.014780805084114128	0.004662483915065541	0.004353283290139693	0.7393531156938034	0.007006799265678405	0.1892358078254095	0.012294270500370756	0.005577917274911068
164	In	0.004039735269966373	0.001725051567960545	0.0037478008544424915	0.04783479800535911	0.0011038125962401593	0.9339107301563414	0.0017766345016645903	0.0013297893986730413	0.0031173185238440064	0.0014143291255081284
165	Por	0.0075725042418934695	0.003233617908822759	0.00702527170011167	0.002216064423712611	0.002069102307130543	0.7886648217335881	0.003330310379536674	0.17739371081453584	0.005843429375345757	0.002651167115322617
166	The	0.001825483565941124	7.795197153449007E-4	0.0016935636646957363	5.342207884379643E-4	4.987930197544823E-4	0.94905398762324	0.021884291483313667	6.009078643068046E-4	0.022490122431644277	6.391098433211097E-4
167	On	0.010265735584222257	0.0043836840986806475	0.009523874715272895	0.0030042282823135296	0.0028049977264053938	0.9506076872026405	0.004514766143091099	0.003379247756893978	0.007921699210217552	0.0035940792802622427
168	Suitaertano	0.008298184700490907	0.003543498663200077	0.0076985103311188775	0.002428432036316169	0.289760308982335	0.6725813915234812	0.0036494572675798407	0.002731574547714234	0.006403410905025605	0.0029052310427380872
169	Turee	0.0022529412272803916	9.620530893538835E-4	0.0020901307863870127	0.05269516595065898	6.15591057104482E-4	0.9371244015609826	9.908206471762758E-4	7.41617249561958E-4	0.001738513776669201	7.887646548253171E-4
170	Julier	0.010265735584222257	0.0043836840986806475	0.009523874715272895	0.0030042282823135296	0.0028049977264053938	0.9506076872026405	0.004514766143091099	0.003379247756893978	0.007921699210217552	0.0035940792802622427
171	S.	0.0355607723926225	0.8365271108098933	0.032990947240662864	0.01040672412476952	0.00971658434918503	0.007561840466262248	0.01563926616882019	0.011705801240962998	0.027440970037287966	0.012449983169533291
172	Papcente	0.0059987286562486145	0.0025615827728032443	0.005565226154941672	0.001755505013661625	0.0016390856850006267	0.9711378615058726	0.0026381798767977356	0.001974645673418592	0.004629003315802257	0.002100181345453182
173	A	0.002941796122585324	0.0012562085569355406	0.0027292050802904862	8.609053915098158E-4	8.038129725533153E-4	0.985845913029738	0.001293772026871381	9.683726866844879E-4	0.0022700783426296244	0.0010299357902019003
174	Bo	0.005610085098808692	0.0023956238340767763	0.0052046682076237446	0.0016417699620015728	0.0015328931685406702	0.9082201176157415	0.002467258391389813	0.0018467130124869542	0.0691167551865104	0.001964115522819971
175	¿Quiere	0.019524490199216538	0.00833736623342379	0.018113538675465456	0.005713767432739062	0.005334849136597543	0.004151796210765268	0.008586672293412185	0.0064270201749210085	0.9169748895591182	0.006835610084340949
176	The	0.0355607723926225	0.015185194591796144	0.032990947240662864	0.01040672412476952	0.00971658434918503	0.41823279857531087	0.42631022427786885	0.011705801240962998	0.027440970037287966	0.012449983169533291
177	F.	0.0355607723926225	0.015185194591796144	0.032990947240662864	0.01040672412476952	0.00971658434918503	0.41823279857531087	0.01563926616882019	0.011705801240962998	0.027440970037287966	0.42312094127858196
178	C.	0.0355607723926225	0.015185194591796144	0.032990947240662864	0.01040672412476952	0.4203875424582336	0.007561840466262248	0.01563926616882019	0.42237675935001157	0.027440970037287966	0.012449983169533291
179	A.	0.011646459331466146	0.004973282056450603	0.010804819453939584	0.0034082918097150363	0.00318226508733036	0.9439645062390252	0.00512199440996749	0.003833750757432507	0.008987154104154332	0.004077476750518756
180	Ayuntamiento	0.008298184700490907	0.003543498663200077	0.0076985103311188775	0.002428432036316169	0.002267386396932263	0.38508846893807847	0.0036494572675798407	0.002731574547714234	0.5813892560758311	0.0029052310427380872
181	Langdon	0.005268736049872866	0.002249860641011531	0.004887986996660266	0.0015418754674920954	0.0014396233489237277	0.9746501303401959	0.002317136550001223	0.001734348633093904	0.004065694256656104	0.0018446077160922153
182	Conte	0.013456309815101989	0.005746126118233926	0.012483879772424274	0.3147363411899742	0.003676786541743688	0.0028614245765795077	0.005917948252781688	0.15982871434175225	0.47658135600859564	0.004711113382812845
