0	A	0.002966076772880118	0.0011996653563322178	0.0013135866055404978	0.9842295188756933	0.001357968904227604	0.0017022111637440768	0.0015321642672811136	0.002473600406785128	0.002148806141271596	0.0010764015062442668
1	DEDICADO	0.9853094159653287	0.0011996653563322178	0.0013135866055404978	0.001886179683244727	0.001357968904227604	0.0017022111637440768	0.0015321642672811136	0.002473600406785128	0.002148806141271596	0.0010764015062442668
2	XVIII	0.016352782930007425	0.006614079359011816	0.007242157996912124	0.010399018396661656	0.007486849605369804	0.009384750225029754	0.00844723572398731	0.013637627615571558	0.914501005710136	0.0059344924373125685
3	Directora,	0.002104630884874	8.51243225912348E-4	9.320780113499346E-4	0.0013383712964125482	9.63570236167799E-4	0.0012078332633023506	0.001087173557712394	0.0017551857930844213	0.9889961344941529	7.6377923703128E-4
4	Núm.	0.016352782930007425	0.4579411076924206	0.007242157996912124	0.010399018396661656	0.007486849605369804	0.009384750225029754	0.00844723572398731	0.4649646559489803	0.011846949043318481	0.0059344924373125685
5	Manila,	0.016352782930007425	0.006614079359011816	0.4585691863303209	0.010399018396661656	0.007486849605369804	0.009384750225029754	0.45977426405739613	0.013637627615571558	0.011846949043318481	0.0059344924373125685
6	F.,	0.016352782930007425	0.006614079359011816	0.007242157996912124	0.010399018396661656	0.007486849605369804	0.46071177855843853	0.45977426405739613	0.013637627615571558	0.011846949043318481	0.0059344924373125685
7	Año	0.016352782930007425	0.006614079359011816	0.007242157996912124	0.010399018396661656	0.45881387793877854	0.46071177855843853	0.00844723572398731	0.013637627615571558	0.011846949043318481	0.0059344924373125685
8	LA	0.9911229539829992	7.249190738794966E-4	7.937580097005224E-4	0.0011397575348249382	8.205768010335202E-4	0.001028591293276439	9.258374394209835E-4	0.0014947169279914167	0.0012984542311362788	6.504347057372248E-4
9	La	0.0025487805128956865	0.9858583332399212	0.0011287785848346056	0.0016208137511578243	0.001166916754097625	0.0014627276956056545	0.0013166046350206989	0.0021255904672294866	0.001846491388537292	9.249629706998276E-4
10	A	0.9950448105893354	4.0465165006434064E-4	4.4307771715563344E-4	6.362155221988856E-4	4.5804803392154707E-4	5.74162246605907E-4	5.168047869786383E-4	8.343547481154726E-4	7.248004171699599E-4	3.6307428845420834E-4
11	No	0.9441937214549216	0.00455726327002048	0.004990024891377139	0.007165179310829125	0.005158623424774994	0.006466323607165555	0.005820353069347479	0.009396660676285999	0.008162839120361864	0.004089011174915745
12	De	0.005021373969954944	0.002030954980000039	0.002223816203495527	0.003193178831614059	0.0022989525321947327	0.9729901603091078	0.0025938538879928816	0.004187643694279665	0.0036377882470598555	0.0018222773443004586
13	El	0.9951779584536308	3.937785030411948E-4	4.311720467832353E-4	6.1912016398108E-4	4.4574010532246686E-4	5.587342840077239E-4	5.02918041601001E-4	8.119353119306038E-4	7.053247484137016E-4	3.533183412881484E-4
14	De	0.9882058838305171	9.631334291198509E-4	0.0010545934040373922	0.0015142912118540945	0.001090225070235892	0.0013665948312746956	0.0012300752180033027	0.001985893173862286	0.0017251369445927267	8.641728865026254E-4
15	Sirva	0.06866867368618436	3.3143751889056644E-4	3.629111094107966E-4	5.211042488613022E-4	3.7517282796578416E-4	4.702783503426648E-4	4.232986479104491E-4	6.833938958261649E-4	5.93661367547772E-4	0.92757006834706
16	La	0.002381270475318843	0.9867877467843181	0.0010545934040373922	0.0015142912118540945	0.001090225070235892	0.0013665948312746956	0.0012300752180033027	0.001985893173862286	0.0017251369445927267	8.641728865026254E-4
17	Asistí	0.002741640730384152	0.0011088895047573206	0.001214190601391574	0.001743456909709542	0.0012552145960842305	0.9852527859783442	0.0014162290063511017	0.002286428890831349	0.0019862110423019457	9.949527398444755E-4
18	Distinguese	0.0018855774889262999	7.626444503485567E-4	8.350658202138126E-4	0.0011990714412098407	8.632802831961547E-4	0.989857527838917	9.740187705651454E-4	0.0015725032090467372	0.0013660268422903935	6.84283855285962E-4
19	En	0.0012841320362608321	5.193826171136442E-4	5.687036350511388E-4	8.166018423882376E-4	5.87918488863459E-4	0.9930926872507655	6.633345564144992E-4	0.0010709195245058457	9.303032311741185E-4	4.6601681746271653E-4
20	Los	0.002966076772880118	0.9835430045487809	0.0013135866055404978	0.001886179683244727	0.001357968904227604	0.0017022111637440768	0.0015321642672811136	0.002473600406785128	0.002148806141271596	0.0010764015062442668
21	Calumniada	0.011267469433671122	0.00455726327002048	0.004990024891377139	0.007165179310829125	0.005158623424774994	0.006466323607165555	0.005820353069347479	0.009396660676285999	0.008162839120361864	0.9370152631961663
22	Al	0.005021373969954944	0.002030954980000039	0.002223816203495527	0.003193178831614059	0.0022989525321947327	0.9729901603091078	0.0025938538879928816	0.004187643694279665	0.0036377882470598555	0.0018222773443004586
23	No	0.004410180627599398	0.9755305313769801	0.00195313696981737	0.0028045103806062796	0.002019127828741815	0.002530972484282009	0.0022781342788042195	0.003677930623431871	0.0031950026726720983	0.0016004727570647906
24	La	0.006946862502085845	0.002809741930875022	0.0030765574299045084	0.004417630397680386	0.0031805054225272516	0.9626330076869992	0.0035884892099659746	0.005793431265217769	0.005032729072807032	0.00252104508193701
25	Stal	0.005021373969954944	0.002030954980000039	0.002223816203495527	0.9733016069795238	0.0022989525321947327	0.00288173216119807	0.0025938538879928816	0.004187643694279665	0.0036377882470598555	0.0018222773443004586
26	La	0.016352782930007425	0.006614079359011816	0.007242157996912124	0.010399018396661656	0.007486849605369804	0.009384750225029754	0.00844723572398731	0.916291684282389	0.011846949043318481	0.0059344924373125685
27	Termina	0.0017923045088386342	7.249190738794966E-4	7.937580097005224E-4	0.0011397575348249382	0.990151226275194	0.001028591293276439	9.258374394209835E-4	0.0014947169279914167	0.0012984542311362788	6.504347057372248E-4
28	En	0.0017078243596906093	6.907500634353557E-4	7.563442807742973E-4	0.0010860351421959158	7.818989702314094E-4	9.801087137594911E-4	0.9907157467294818	0.0014242635488987004	0.0012372516806950285	6.19776510837443E-4
29	En	0.002104630884874	8.51243225912348E-4	9.320780113499346E-4	0.0013383712964125482	9.63570236167799E-4	0.0012078332633023506	0.001087173557712394	0.0017551857930844213	0.0015247224252175186	0.9882351913059667
30	En	0.002234420681679537	0.9876025289261802	9.895580267623566E-4	0.0014209068801389778	0.0010229923353391552	0.0012823187395659785	0.0011542181098768425	0.0018634257742980536	0.00161875003603331	8.108804901256024E-4
31	Finalmente	5.823719103026515E-4	0.996768764731109	2.579150842659307E-4	3.703404022946641E-4	2.6662929028593705E-4	3.342192542796344E-4	3.00831535917236E-4	4.856770422790048E-4	4.2190557871071925E-4	2.1134517055518636E-4
32	Su	0.005021373969954944	0.002030954980000039	0.002223816203495527	0.003193178831614059	0.9724073806801045	0.00288173216119807	0.0025938538879928816	0.004187643694279665	0.0036377882470598555	0.0018222773443004586
33	La	0.005829228829547319	0.00235770157565762	0.0025815909355874785	0.0037069077536385758	0.0026688154394823127	0.9686447300779286	0.003011161477713475	0.004861365334792241	0.004223047367599269	0.002115451208053017
34	Cuando	0.00393162921601077	0.0015901946326938028	0.0017412008762971339	0.002500191234797359	0.0018000310265438874	0.9788518689339061	0.002030932527454721	0.0032788361100340303	0.0028483109681491157	0.001426804474112986
35	Hay	0.005021373969954944	0.002030954980000039	0.002223816203495527	0.003193178831614059	0.0022989525321947327	0.00288173216119807	0.0025938538879928816	0.9742960718421895	0.0036377882470598555	0.0018222773443004586
36	A	0.002234420681679537	9.037382672601174E-4	9.895580267623566E-4	0.06308958129632147	0.0010229923353391552	0.0012823187395659785	0.0011542181098768425	0.0018634257742980536	0.9266488662787709	8.108804901256024E-4
37	El	0.9574314836060825	0.0034762385394425054	0.003806345126974562	0.005465532927661728	0.003934950538767783	0.00493245221964865	0.004439711830108348	0.007167686405096029	0.006226538661511945	0.0031190601447059507
38	Tinding	0.002104630884874	8.51243225912348E-4	9.320780113499346E-4	0.0013383712964125482	9.63570236167799E-4	0.0012078332633023506	0.9885585856266479	0.0017551857930844213	0.0015247224252175186	7.6377923703128E-4
39	Sobre	0.003230534620049831	0.0013066285072393464	0.001430707068823345	0.002054353016776412	0.001479046529803266	0.0018539817126078184	0.9824378300722014	0.0026941486556766488	0.0023403954660327166	0.001172374350789077
40	Lacerado	0.002966076772880118	0.0011996653563322178	0.0013135866055404978	0.001886179683244727	0.001357968904227604	0.0017022111637440768	0.0015321642672811136	0.002473600406785128	0.9844921453337202	0.0010764015062442668
41	FELISBERTA	0.005021373969954944	0.002030954980000039	0.002223816203495527	0.003193178831614059	0.0022989525321947327	0.00288173216119807	0.0025938538879928816	0.9742960718421895	0.0036377882470598555	0.0018222773443004586
42	La	0.0019890914194227315	8.045119021454184E-4	8.809090410738474E-4	0.001264897745646859	9.106724141260754E-4	0.00114152595469105	0.0010274901934637674	0.0016588300711580198	0.0014410186198437129	0.9888810526384285
43	Temprano,	0.002966076772880118	0.0011996653563322178	0.0013135866055404978	0.001886179683244727	0.001357968904227604	0.0017022111637440768	0.9838755034597296	0.002473600406785128	0.002148806141271596	0.0010764015062442668
44	De	0.5456023849665916	2.2821118032766426E-4	2.4988230937127403E-4	0.4519618455790285	2.5832511112059336E-4	3.23809983171163E-4	2.9146212653928207E-4	4.7055061272862096E-4	4.087653137656544E-4	2.0476281735558758E-4
45	El	0.001630949660181893	0.9909508306109291	7.22298777804546E-4	0.001037149186952051	7.467031680157743E-4	9.359908497481212E-4	8.424875626663256E-4	0.0013601528388473222	0.0011815589798441545	5.918783650106553E-4
46	El	0.9839995913974021	0.0013066285072393464	0.001430707068823345	0.002054353016776412	0.001479046529803266	0.0018539817126078184	0.0016687732948492283	0.0026941486556766488	0.0023403954660327166	0.001172374350789077
47	El	0.9711286043703312	0.00235770157565762	0.0025815909355874785	0.0037069077536385758	0.0026688154394823127	0.0033453545371447853	0.003011161477713475	0.004861365334792241	0.004223047367599269	0.002115451208053017
48	El	0.004410180627599398	0.9755305313769801	0.00195313696981737	0.0028045103806062796	0.002019127828741815	0.002530972484282009	0.0022781342788042195	0.003677930623431871	0.0031950026726720983	0.0016004727570647906
49	Los	0.004410180627599398	0.0017837504957638251	0.00195313696981737	0.0028045103806062796	0.9757659087099582	0.002530972484282009	0.0022781342788042195	0.003677930623431871	0.0031950026726720983	0.0016004727570647906
50	De	0.9711286043703312	0.00235770157565762	0.0025815909355874785	0.0037069077536385758	0.0026688154394823127	0.0033453545371447853	0.003011161477713475	0.004861365334792241	0.004223047367599269	0.002115451208053017
51	Siguen	0.002741640730384152	0.0011088895047573206	0.001214190601391574	0.001743456909709542	0.9849345917197063	0.0015734088547221807	0.0014162290063511017	0.002286428890831349	0.0019862110423019457	9.949527398444755E-4
52	Pero	0.0025487805128956865	0.0010308848746509505	0.0011287785848346056	0.14231044923191075	0.4232358231963564	0.4235316341378644	0.0013166046350206989	0.0021255904672294866	0.001846491388537292	9.249629706998276E-4
53	Los	0.005021373969954944	0.002030954980000039	0.002223816203495527	0.003193178831614059	0.0022989525321947327	0.00288173216119807	0.0025938538879928816	0.004187643694279665	0.0036377882470598555	0.9719307054922102
54	Son	0.0017923045088386342	7.249190738794966E-4	7.937580097005224E-4	0.0011397575348249382	0.990151226275194	0.001028591293276439	9.258374394209835E-4	0.0014947169279914167	0.0012984542311362788	6.504347057372248E-4
55	Temíamos	5.918853524743558E-4	2.3939513595074013E-4	2.621283029943185E-4	3.7639016523608924E-4	0.9967475700257407	3.3967895364358044E-4	3.0574582414052314E-4	4.936109078623301E-4	4.287976939621192E-4	2.1479763799528117E-4
56	A	0.0017923045088386342	7.249190738794966E-4	7.937580097005224E-4	0.0011397575348249382	8.205768010335202E-4	0.990359240767437	9.258374394209835E-4	0.0014947169279914167	0.0012984542311362788	6.504347057372248E-4
57	Hay	0.00393162921601077	0.0015901946326938028	0.0017412008762971339	0.002500191234797359	0.0018000310265438874	0.9788518689339061	0.002030932527454721	0.0032788361100340303	0.0028483109681491157	0.001426804474112986
58	Pocos	0.0019890914194227315	8.045119021454184E-4	8.809090410738474E-4	0.001264897745646859	9.106724141260754E-4	0.989300729105102	0.0010274901934637674	0.0016588300711580198	0.0014410186198437129	7.218494880175212E-4
59	Está	0.0010589490103322305	4.2830463912243814E-4	4.6897681430277876E-4	6.734040491275891E-4	4.8482218678291996E-4	6.077235908742002E-4	0.9942432307182513	8.831250514729631E-4	7.671669720422795E-4	3.842969676913211E-4
60	Pide	0.4676798112634162	0.006614079359011816	0.007242157996912124	0.4617260467300704	0.007486849605369804	0.009384750225029754	0.00844723572398731	0.013637627615571558	0.011846949043318481	0.0059344924373125685
61	Paulo,	0.00393162921601077	0.0015901946326938028	0.0017412008762971339	0.002500191234797359	0.0018000310265438874	0.002256335103793485	0.002030932527454721	0.9798743699401467	0.0028483109681491157	0.001426804474112986
62	Sin	0.0019890914194227315	8.045119021454184E-4	8.809090410738474E-4	0.001264897745646859	0.989069875564537	0.00114152595469105	0.0010274901934637674	0.0016588300711580198	0.0014410186198437129	7.218494880175212E-4
63	Repitió	0.00393162921601077	0.0015901946326938028	0.0017412008762971339	0.002500191234797359	0.0018000310265438874	0.002256335103793485	0.002030932527454721	0.0032788361100340303	0.9794438447982617	0.001426804474112986
64	El	0.00393162921601077	0.0015901946326938028	0.0017412008762971339	0.002500191234797359	0.9783955648566566	0.002256335103793485	0.002030932527454721	0.0032788361100340303	0.0028483109681491157	0.001426804474112986
65	Hállase	0.9919221231027155	6.596571683955873E-4	7.22298777804546E-4	0.001037149186952051	7.467031680157743E-4	9.359908497481212E-4	8.424875626663256E-4	0.0013601528388473222	0.0011815589798441545	5.918783650106553E-4
66	De	0.002966076772880118	0.0011996653563322178	0.0013135866055404978	0.001886179683244727	0.001357968904227604	0.0017022111637440768	0.0015321642672811136	0.9848169395992337	0.002148806141271596	0.0010764015062442668
67	La	7.839906877094129E-4	0.9956501020811731	3.4720600480060194E-4	4.98553281065164E-4	3.5893709321610577E-4	4.4992689100036893E-4	4.0498025154727134E-4	6.538197870551672E-4	5.679704651791284E-4	2.8451345725365645E-4
68	Todos	0.9864210178540063	0.0011088895047573206	0.001214190601391574	0.001743456909709542	0.0012552145960842305	0.0015734088547221807	0.0014162290063511017	0.002286428890831349	0.0019862110423019457	9.949527398444755E-4
69	Debiendo	0.0012841320362608321	0.9928751152793025	5.687036350511388E-4	8.166018423882376E-4	5.87918488863459E-4	7.369545885766422E-4	6.633345564144992E-4	0.0010709195245058457	9.303032311741185E-4	4.6601681746271653E-4
70	Gran	0.002966076772880118	0.0011996653563322178	0.0013135866055404978	0.001886179683244727	0.001357968904227604	0.9840455503561927	0.0015321642672811136	0.002473600406785128	0.002148806141271596	0.0010764015062442668
71	Inmediatamente	0.00393162921601077	0.0015901946326938028	0.0017412008762971339	0.11101080610480987	0.0018000310265438874	0.002256335103793485	0.002030932527454721	0.0032788361100340303	0.8709332299282493	0.001426804474112986
72	Los	0.9882058838305171	9.631334291198509E-4	0.0010545934040373922	0.0015142912118540945	0.001090225070235892	0.0013665948312746956	0.0012300752180033027	0.001985893173862286	0.0017251369445927267	8.641728865026254E-4
73	Una	0.004410180627599398	0.0017837504957638251	0.00195313696981737	0.0028045103806062796	0.002019127828741815	0.9762777533654982	0.0022781342788042195	0.003677930623431871	0.0031950026726720983	0.0016004727570647906
74	Según	0.0025487805128956865	0.0010308848746509505	0.0011287785848346056	0.0016208137511578243	0.001166916754097625	0.0014627276956056545	0.0013166046350206989	0.0021255904672294866	0.9866739397538076	9.249629706998276E-4
75	NUESTROS	0.001630949660181893	6.596571683955873E-4	7.22298777804546E-4	0.001037149186952051	0.9910378766105493	9.359908497481212E-4	8.424875626663256E-4	0.0013601528388473222	0.0011815589798441545	5.918783650106553E-4
76	Para	0.016352782930007425	0.006614079359011816	0.007242157996912124	0.010399018396661656	0.007486849605369804	0.46071177855843853	0.00844723572398731	0.013637627615571558	0.4631739773767272	0.0059344924373125685
77	Á	0.0017923045088386342	7.249190738794966E-4	7.937580097005224E-4	0.0011397575348249382	8.205768010335202E-4	0.001028591293276439	0.9902564869135816	0.0014947169279914167	0.0012984542311362788	6.504347057372248E-4
78	LA	0.002966076772880118	0.9835430045487809	0.0013135866055404978	0.001886179683244727	0.001357968904227604	0.0017022111637440768	0.0015321642672811136	0.002473600406785128	0.002148806141271596	0.0010764015062442668
79	FILIPINAS	0.002966076772880118	0.0011996653563322178	0.0013135866055404978	0.9842295188756933	0.001357968904227604	0.0017022111637440768	0.0015321642672811136	0.002473600406785128	0.002148806141271596	0.0010764015062442668
80	DEDICADO	0.9839995913974021	0.0013066285072393464	0.001430707068823345	0.002054353016776412	0.001479046529803266	0.0018539817126078184	0.0016687732948492283	0.0026941486556766488	0.0023403954660327166	0.001172374350789077
81	Prov.	0.016352782930007425	0.006614079359011816	0.007242157996912124	0.010399018396661656	0.007486849605369804	0.9120388068918474	0.00844723572398731	0.013637627615571558	0.011846949043318481	0.0059344924373125685
82	XVIII.	0.016352782930007425	0.006614079359011816	0.007242157996912124	0.4617260467300704	0.007486849605369804	0.46071177855843853	0.00844723572398731	0.013637627615571558	0.011846949043318481	0.0059344924373125685
83	SALE	0.016352782930007425	0.006614079359011816	0.007242157996912124	0.010399018396661656	0.007486849605369804	0.009384750225029754	0.00844723572398731	0.013637627615571558	0.914501005710136	0.0059344924373125685
84	Directora,	0.0025487805128956865	0.0010308848746509505	0.0011287785848346056	0.0016208137511578243	0.001166916754097625	0.0014627276956056545	0.0013166046350206989	0.0021255904672294866	0.9866739397538076	9.249629706998276E-4
85	Extrangero	0.4676798112634162	0.006614079359011816	0.007242157996912124	0.010399018396661656	0.007486849605369804	0.009384750225029754	0.45977426405739613	0.013637627615571558	0.011846949043318481	0.0059344924373125685
86	Pago	0.016352782930007425	0.4579411076924206	0.4585691863303209	0.010399018396661656	0.007486849605369804	0.009384750225029754	0.00844723572398731	0.013637627615571558	0.011846949043318481	0.0059344924373125685
87	Números	0.016352782930007425	0.006614079359011816	0.007242157996912124	0.010399018396661656	0.007486849605369804	0.46071177855843853	0.00844723572398731	0.013637627615571558	0.4631739773767272	0.0059344924373125685
88	Año	0.016352782930007425	0.006614079359011816	0.4585691863303209	0.010399018396661656	0.45881387793877854	0.009384750225029754	0.00844723572398731	0.013637627615571558	0.011846949043318481	0.0059344924373125685
89	Manila,	0.016352782930007425	0.006614079359011816	0.007242157996912124	0.010399018396661656	0.007486849605369804	0.009384750225029754	0.45977426405739613	0.013637627615571558	0.011846949043318481	0.4572615207707214
90	F.,	0.016352782930007425	0.006614079359011816	0.007242157996912124	0.010399018396661656	0.007486849605369804	0.9120388068918474	0.00844723572398731	0.013637627615571558	0.011846949043318481	0.0059344924373125685
91	Núm.	0.016352782930007425	0.006614079359011816	0.007242157996912124	0.010399018396661656	0.007486849605369804	0.009384750225029754	0.45977426405739613	0.013637627615571558	0.4631739773767272	0.0059344924373125685
92	LA	0.4988848291622115	2.2821118032766426E-4	2.4988230937127403E-4	3.588061366874524E-4	0.3895712901476215	3.23809983171163E-4	2.9146212653928207E-4	0.10947818082294888	4.087653137656544E-4	2.0476281735558758E-4
93	Pers	0.9824333328949132	0.0014345326164335143	0.001570757061718631	0.002255450873684723	0.001623828407592619	0.0020354654917382727	0.0018321272707820437	0.0029578752481486314	0.002569493634017314	0.0012871365009709877
94	En	0.0018855774889262999	7.626444503485567E-4	8.350658202138126E-4	0.0011990714412098407	8.632802831961547E-4	0.0010821200183022362	9.740187705651454E-4	0.0015725032090467372	0.9901414346629053	6.84283855285962E-4
95	A	0.0013820987211953528	5.59006418852443E-4	6.120901469229249E-4	0.6874906659469527	6.327709057016657E-4	7.931769986960582E-4	7.139404798393701E-4	0.3063134048027976	0.0010012762471634878	5.015693318782083E-4
96	EL	0.005021373969954944	0.002030954980000039	0.002223816203495527	0.003193178831614059	0.0022989525321947327	0.00288173216119807	0.0025938538879928816	0.9742960718421895	0.0036377882470598555	0.0018222773443004586
97	Dios	9.239330183652323E-4	3.736958004050381E-4	4.0918227351299433E-4	5.87545037220085E-4	4.230073611044215E-4	5.30238836969115E-4	4.772692227807044E-4	0.995270476154776	6.693531880697064E-4	3.35299106796702E-4
98	Me	0.003230534620049831	0.0013066285072393464	0.001430707068823345	0.002054353016776412	0.001479046529803266	0.0018539817126078184	0.0016687732948492283	0.9834632054330289	0.0023403954660327166	0.001172374350789077
99	Era	0.011267469433671122	0.00455726327002048	0.004990024891377139	0.007165179310829125	0.005158623424774994	0.006466323607165555	0.005820353069347479	0.9423229126975365	0.008162839120361864	0.004089011174915745
100	De	0.0018855774889262999	7.626444503485567E-4	8.350658202138126E-4	0.0011990714412098407	8.632802831961547E-4	0.05312293095622933	9.740187705651454E-4	0.7821846672779532	0.0013660268422903935	0.15680671666906726
101	Dos	0.0018855774889262999	7.626444503485567E-4	8.350658202138126E-4	0.0011990714412098407	8.632802831961547E-4	0.0010821200183022362	9.740187705651454E-4	0.8862662891538073	0.10544764871814459	6.84283855285962E-4
102	VIII.	0.006946862502085845	0.002809741930875022	0.0030765574299045084	0.004417630397680386	0.0031805054225272516	0.003986756854092925	0.19531773937654723	0.7727104319315428	0.005032729072807032	0.00252104508193701
103	Cuando	0.0035467673139709228	0.0014345326164335143	0.001570757061718631	0.002255450873684723	0.001623828407592619	0.0020354654917382727	0.0018321272707820437	0.9818444408290908	0.002569493634017314	0.0012871365009709877
104	Termina	0.0018855774889262999	7.626444503485567E-4	8.350658202138126E-4	0.9899744792618246	8.632802831961547E-4	0.0010821200183022362	9.740187705651454E-4	0.0015725032090467372	0.0013660268422903935	6.84283855285962E-4
105	LA	0.9853094159653287	0.0011996653563322178	0.0013135866055404978	0.001886179683244727	0.001357968904227604	0.0017022111637440768	0.0015321642672811136	0.002473600406785128	0.002148806141271596	0.0010764015062442668
106	Continuación	0.006946862502085845	0.002809741930875022	0.0030765574299045084	0.5796053808974242	0.0031805054225272516	0.003986756854092925	0.0035884892099659746	0.005793431265217769	0.38849122940596953	0.00252104508193701
107	Cultivemos	0.9547977914772513	3.039412801498182E-4	3.328038043011303E-4	4.778731539524618E-4	3.440482839451812E-4	4.3126379991122535E-4	3.881815594150316E-4	0.042106973986026044	5.444108941919108E-4	2.7271176085581257E-4
108	Error	0.9925892837309123	6.05175366251604E-4	6.626433370899394E-4	9.514899089141158E-4	6.850321422023708E-4	8.586863486713205E-4	7.729055996451526E-4	0.0012478163383103978	0.0010839727401343905	5.429944878684652E-4
109	No,	0.006946862502085845	0.002809741930875022	0.0030765574299045084	0.9630638812305866	0.0031805054225272516	0.003986756854092925	0.0035884892099659746	0.005793431265217769	0.005032729072807032	0.00252104508193701
110	El	0.995423882560018	3.736958004050381E-4	4.0918227351299433E-4	5.87545037220085E-4	4.230073611044215E-4	5.30238836969115E-4	4.772692227807044E-4	7.705266131231129E-4	6.693531880697064E-4	3.35299106796702E-4
111	Si	0.9711286043703312	0.00235770157565762	0.0025815909355874785	0.0037069077536385758	0.0026688154394823127	0.0033453545371447853	0.003011161477713475	0.004861365334792241	0.004223047367599269	0.002115451208053017
112	La	0.0035467673139709228	0.0014345326164335143	0.001570757061718631	0.8832533598965329	0.001623828407592619	0.0020354654917382727	0.09972078382887628	0.0029578752481486314	0.002569493634017314	0.0012871365009709877
113	El	0.6189211648435046	9.037382672601174E-4	9.895580267623566E-4	0.0014209068801389778	0.0010229923353391552	0.0012823187395659785	0.0011542181098768425	0.3718754722713931	0.00161875003603331	8.108804901256024E-4
114	En	0.0025487805128956865	0.0010308848746509505	0.0011287785848346056	0.0016208137511578243	0.001166916754097625	0.0014627276956056545	0.0013166046350206989	0.9869530388324997	0.001846491388537292	9.249629706998276E-4
115	No	0.004410180627599398	0.0017837504957638251	0.00195313696981737	0.0028045103806062796	0.002019127828741815	0.002530972484282009	0.0022781342788042195	0.977424711504648	0.0031950026726720983	0.0016004727570647906
116	La	0.002381270475318843	9.631334291198509E-4	0.0010545934040373922	0.0015142912118540945	0.001090225070235892	0.0013665948312746956	0.0012300752180033027	0.3963157385159416	0.0017251369445927267	0.5923589408996216
117	IX.	0.4676798112634162	0.006614079359011816	0.007242157996912124	0.010399018396661656	0.007486849605369804	0.009384750225029754	0.00844723572398731	0.013637627615571558	0.4631739773767272	0.0059344924373125685
118	Cuando	0.016352782930007425	0.006614079359011816	0.007242157996912124	0.010399018396661656	0.007486849605369804	0.9120388068918474	0.00844723572398731	0.013637627615571558	0.011846949043318481	0.0059344924373125685
119	Entonces,	0.011267469433671122	0.00455726327002048	0.004990024891377139	0.007165179310829125	0.005158623424774994	0.006466323607165555	0.005820353069347479	0.9423229126975365	0.008162839120361864	0.004089011174915745
120	¿Todo	0.011267469433671122	0.00455726327002048	0.004990024891377139	0.007165179310829125	0.005158623424774994	0.006466323607165555	0.005820353069347479	0.9423229126975365	0.008162839120361864	0.004089011174915745
121	Las	0.005021373969954944	0.002030954980000039	0.002223816203495527	0.003193178831614059	0.0022989525321947327	0.00288173216119807	0.0025938538879928816	0.9742960718421895	0.0036377882470598555	0.0018222773443004586
122	Oré....y	0.004410180627599398	0.0017837504957638251	0.00195313696981737	0.0028045103806062796	0.002019127828741815	0.002530972484282009	0.0022781342788042195	0.977424711504648	0.0031950026726720983	0.0016004727570647906
123	¡Dios	0.0012841320362608321	5.193826171136442E-4	5.687036350511388E-4	8.166018423882376E-4	5.87918488863459E-4	7.369545885766422E-4	6.633345564144992E-4	0.9934266521866947	9.303032311741185E-4	4.6601681746271653E-4
124	Pero	0.0015606976115835288	6.312428840164987E-4	6.911862486568317E-4	9.924746903294003E-4	7.145394363392575E-4	8.956736797768568E-4	8.06197983263028E-4	0.9920109397299939	0.0011306641294999767	5.663836065406657E-4
125	DONATINO	0.4676798112634162	0.006614079359011816	0.007242157996912124	0.010399018396661656	0.45881387793877854	0.009384750225029754	0.00844723572398731	0.013637627615571558	0.011846949043318481	0.0059344924373125685
126	TANSIANG.	0.016352782930007425	0.006614079359011816	0.007242157996912124	0.010399018396661656	0.007486849605369804	0.009384750225029754	0.00844723572398731	0.013637627615571558	0.914501005710136	0.0059344924373125685
127	FILIPINAS"	0.21693230077476539	0.7759690142714711	6.911862486568317E-4	9.924746903294003E-4	7.145394363392575E-4	8.956736797768568E-4	8.06197983263028E-4	0.0013015651793574221	0.0011306641294999767	5.663836065406657E-4
128	Según	0.005021373969954944	0.556378628207377	0.002223816203495527	0.003193178831614059	0.0022989525321947327	0.00288173216119807	0.0025938538879928816	0.004187643694279665	0.0036377882470598555	0.41758303226483323
129	No	0.8365428838110205	0.002030954980000039	0.002223816203495527	0.003193178831614059	0.0022989525321947327	0.00288173216119807	0.0025938538879928816	0.004187643694279665	0.1422247065539041	0.0018222773443004586
130	Nada	0.9655931133349921	0.002809741930875022	0.0030765574299045084	0.004417630397680386	0.0031805054225272516	0.003986756854092925	0.0035884892099659746	0.005793431265217769	0.005032729072807032	0.00252104508193701
131	Preferimos	9.239330183652323E-4	0.4593736725119371	4.0918227351299433E-4	5.87545037220085E-4	4.230073611044215E-4	0.0770302349555578	4.772692227807044E-4	0.4597705033246552	6.693531880697064E-4	3.35299106796702E-4
132	LA	0.0019890914194227315	8.045119021454184E-4	8.809090410738474E-4	0.001264897745646859	0.16560387293919457	0.6050165945466088	0.0010274901934637674	0.0016588300711580198	0.0014410186198437129	0.22031278352144218
133	Esa	0.002741640730384152	0.0011088895047573206	0.07688183499551635	0.001743456909709542	0.0012552145960842305	0.9095851415842194	0.0014162290063511017	0.002286428890831349	0.0019862110423019457	9.949527398444755E-4
134	Muerto	0.9919221231027155	6.596571683955873E-4	7.22298777804546E-4	0.001037149186952051	7.467031680157743E-4	9.359908497481212E-4	8.424875626663256E-4	0.0013601528388473222	0.0011815589798441545	5.918783650106553E-4
135	LA	0.003230534620049831	0.0013066285072393464	0.001430707068823345	0.626180116420546	0.001479046529803266	0.0018539817126078184	0.0016687732948492283	0.0026941486556766488	0.0023403954660327166	0.35781566772437173
136	Nunca	0.016352782930007425	0.006614079359011816	0.007242157996912124	0.010399018396661656	0.007486849605369804	0.009384750225029754	0.9111012923908048	0.013637627615571558	0.011846949043318481	0.0059344924373125685
137	Digna	0.9441937214549216	0.00455726327002048	0.004990024891377139	0.007165179310829125	0.005158623424774994	0.006466323607165555	0.005820353069347479	0.009396660676285999	0.008162839120361864	0.004089011174915745
138	Si	0.001630949660181893	6.596571683955873E-4	7.22298777804546E-4	0.046050384343430846	7.467031680157743E-4	9.359908497481212E-4	0.9461204258487211	0.0013601528388473222	0.0011815589798441545	5.918783650106553E-4
139	La	0.002381270475318843	9.631334291198509E-4	0.0010545934040373922	0.0015142912118540945	0.001090225070235892	0.7243046446250867	0.0012300752180033027	0.2648724567352485	0.0017251369445927267	8.641728865026254E-4
140	Dos	0.002104630884874	8.51243225912348E-4	9.320780113499346E-4	0.0013383712964125482	9.63570236167799E-4	0.87250613803001	0.001087173557712394	0.11792829309531211	0.0015247224252175186	7.6377923703128E-4
141	La	0.005021373969954944	0.556378628207377	0.002223816203495527	0.003193178831614059	0.0022989525321947327	0.00288173216119807	0.0025938538879928816	0.004187643694279665	0.41939854316759256	0.0018222773443004586
142	Charles	0.004410180627599398	0.0017837504957638251	0.00195313696981737	0.0028045103806062796	0.002019127828741815	0.002530972484282009	0.0022781342788042195	0.977424711504648	0.0031950026726720983	0.0016004727570647906
143	Su	0.4122758014364004	0.0011996653563322178	0.0013135866055404978	0.001886179683244727	0.001357968904227604	0.0017022111637440768	0.0015321642672811136	0.002473600406785128	0.5751824206702	0.0010764015062442668
144	Palabra	0.005829228829547319	0.00235770157565762	0.0025815909355874785	0.0037069077536385758	0.0026688154394823127	0.0033453545371447853	0.003011161477713475	0.9701607408755761	0.004223047367599269	0.002115451208053017
145	Para	0.003230534620049831	0.0013066285072393464	0.001430707068823345	0.002054353016776412	0.001479046529803266	0.98262303848996	0.0016687732948492283	0.0026941486556766488	0.0023403954660327166	0.001172374350789077
146	A	0.002741640730384152	0.0011088895047573206	0.001214190601391574	0.001743456909709542	0.0012552145960842305	0.9852527859783442	0.0014162290063511017	0.002286428890831349	0.0019862110423019457	9.949527398444755E-4
147	El	0.24937306520180805	5.193826171136442E-4	5.687036350511388E-4	8.166018423882376E-4	5.87918488863459E-4	7.369545885766422E-4	6.633345564144992E-4	0.0010709195245058457	0.7451971027278158	4.6601681746271653E-4
148	Witmer	0.00393162921601077	0.0015901946326938028	0.0017412008762971339	0.762074495324885	0.0018000310265438874	0.002256335103793485	0.002030932527454721	0.22030006585005907	0.0028483109681491157	0.001426804474112986
149	El	0.4676798112634162	0.006614079359011816	0.007242157996912124	0.010399018396661656	0.45881387793877854	0.009384750225029754	0.00844723572398731	0.013637627615571558	0.011846949043318481	0.0059344924373125685
150	Cronin,	0.002104630884874	8.51243225912348E-4	9.320780113499346E-4	0.0013383712964125482	9.63570236167799E-4	0.0012078332633023506	0.001087173557712394	0.0017551857930844213	0.9889961344941529	7.6377923703128E-4
151	La	0.0014369097859068772	5.811754119409968E-4	6.36364326572887E-4	0.9923600228884257	6.578652397952443E-4	8.246326936739262E-4	7.422538247839397E-4	0.0011983306242884097	0.0010409847110638992	5.21460493547988E-4
152	Cuando	0.004410180627599398	0.0017837504957638251	0.00195313696981737	0.9765512912618226	0.002019127828741815	0.002530972484282009	0.0022781342788042195	0.003677930623431871	0.0031950026726720983	0.0016004727570647906
153	Si	0.011267469433671122	0.00455726327002048	0.004990024891377139	0.6291160139916628	0.005158623424774994	0.006466323607165555	0.005820353069347479	0.3203720780167028	0.008162839120361864	0.004089011174915745
154	Tan	0.0035467673139709228	0.0014345326164335143	0.001570757061718631	0.8832533598965329	0.09951248496568683	0.0020354654917382727	0.0018321272707820437	0.0029578752481486314	0.002569493634017314	0.0012871365009709877
155	En	0.003230534620049831	0.0013066285072393464	0.001430707068823345	0.9828234097941287	0.001479046529803266	0.0018539817126078184	0.0016687732948492283	0.0026941486556766488	0.0023403954660327166	0.001172374350789077
156	Todo	0.005829228829547319	0.00235770157565762	0.0025815909355874785	0.0037069077536385758	0.0026688154394823127	0.0033453545371447853	0.003011161477713475	0.004861365334792241	0.004223047367599269	0.9674148267488369
157	En	0.0035467673139709228	0.0014345326164335143	0.001570757061718631	0.002255450873684723	0.001623828407592619	0.0020354654917382727	0.88283003629363	0.0029578752481486314	0.002569493634017314	0.09917579305906522
158	El	0.005021373969954944	0.002030954980000039	0.002223816203495527	0.9733016069795238	0.0022989525321947327	0.00288173216119807	0.0025938538879928816	0.004187643694279665	0.0036377882470598555	0.0018222773443004586
159	Nueva	0.011267469433671122	0.00455726327002048	0.004990024891377139	0.007165179310829125	0.005158623424774994	0.6284171582879993	0.005820353069347479	0.009396660676285999	0.3191382564607787	0.004089011174915745
160	Francisca	0.006946862502085845	0.002809741930875022	0.0030765574299045084	0.004417630397680386	0.0031805054225272516	0.003986756854092925	0.9622347400428722	0.005793431265217769	0.005032729072807032	0.00252104508193701
161	Rosario	0.008594722131807397	0.0034762385394425054	0.003806345126974562	0.005465532927661728	0.003934950538767783	0.00493245221964865	0.9532764733043834	0.007167686405096029	0.006226538661511945	0.0031190601447059507
162	AVISO	0.016352782930007425	0.006614079359011816	0.007242157996912124	0.010399018396661656	0.007486849605369804	0.009384750225029754	0.45977426405739613	0.013637627615571558	0.4631739773767272	0.0059344924373125685
163	Hacemos	0.004410180627599398	0.0017837504957638251	0.00195313696981737	0.0028045103806062796	0.002019127828741815	0.002530972484282009	0.0022781342788042195	0.003677930623431871	0.9769417835538884	0.0016004727570647906
164	La	0.005829228829547319	0.9676570771164414	0.0025815909355874785	0.0037069077536385758	0.0026688154394823127	0.0033453545371447853	0.003011161477713475	0.004861365334792241	0.004223047367599269	0.002115451208053017
165	También	0.0035467673139709228	0.0014345326164335143	0.001570757061718631	0.002255450873684723	0.001623828407592619	0.0020354654917382727	0.9807186928517243	0.0029578752481486314	0.002569493634017314	0.0012871365009709877
166	LA	0.016352782930007425	0.006614079359011816	0.007242157996912124	0.010399018396661656	0.45881387793877854	0.009384750225029754	0.45977426405739613	0.013637627615571558	0.011846949043318481	0.0059344924373125685
167	REGALOS	0.4676798112634162	0.4579411076924206	0.007242157996912124	0.010399018396661656	0.007486849605369804	0.009384750225029754	0.00844723572398731	0.013637627615571558	0.011846949043318481	0.0059344924373125685
168	Habiendo	0.003230534620049831	0.0013066285072393464	0.001430707068823345	0.002054353016776412	0.001479046529803266	0.0018539817126078184	0.9824378300722014	0.0026941486556766488	0.0023403954660327166	0.001172374350789077
169	Los	0.006946862502085845	0.002809741930875022	0.0030765574299045084	0.004417630397680386	0.0031805054225272516	0.003986756854092925	0.0035884892099659746	0.005793431265217769	0.9636789799057133	0.00252104508193701
170	Dos	0.5509664265029843	0.05570224541050158	8.809090410738474E-4	0.001264897745646859	9.106724141260754E-4	0.00114152595469105	0.0010274901934637674	0.0016588300711580198	0.3857251531783369	7.218494880175212E-4
171	Nuejas	0.0011607198572252293	4.6946707983147216E-4	5.140480756185623E-4	7.38121896457545E-4	5.314162758844654E-4	6.661291835105419E-4	5.995844429330999E-4	9.679982451054204E-4	0.9939312849152467	4.212300281869222E-4
172	El	0.9824333328949132	0.0014345326164335143	0.001570757061718631	0.002255450873684723	0.001623828407592619	0.0020354654917382727	0.0018321272707820437	0.0029578752481486314	0.002569493634017314	0.0012871365009709877
173	La	6.683059901157935E-4	2.703043802176134E-4	2.959727155565668E-4	4.249873746602814E-4	3.0597277905421524E-4	0.9964051995000778	3.4522186580863995E-4	5.57342946791681E-4	4.841614448215949E-4	2.4253100289585168E-4
174	Para	0.9805271630461234	0.0015901946326938028	0.0017412008762971339	0.002500191234797359	0.0018000310265438874	0.002256335103793485	0.002030932527454721	0.0032788361100340303	0.0028483109681491157	0.001426804474112986
175	Lewis	0.004410180627599398	0.0017837504957638251	0.00195313696981737	0.0028045103806062796	0.002019127828741815	0.002530972484282009	0.0022781342788042195	0.003677930623431871	0.0031950026726720983	0.9753472536382811
176	Witmer	0.0017923045088386342	7.249190738794966E-4	7.937580097005224E-4	0.0011397575348249382	8.205768010335202E-4	0.001028591293276439	9.258374394209835E-4	0.0014947169279914167	0.9906291037052968	6.504347057372248E-4
177	Maestras	0.5653073224359073	0.0010308848746509505	0.0011287785848346056	0.0016208137511578243	0.001166916754097625	0.0014627276956056545	0.0013166046350206989	0.0021255904672294866	0.423915397830796	9.249629706998276E-4
178	Madres,	0.002741640730384152	0.0011088895047573206	0.001214190601391574	0.001743456909709542	0.0012552145960842305	0.0015734088547221807	0.9850956061299732	0.002286428890831349	0.0019862110423019457	9.949527398444755E-4
179	Jovenes,	0.006946862502085845	0.002809741930875022	0.0030765574299045084	0.004417630397680386	0.9618267562554336	0.003986756854092925	0.0035884892099659746	0.005793431265217769	0.005032729072807032	0.00252104508193701
180	Pues	0.004410180627599398	0.0017837504957638251	0.00195313696981737	0.0028045103806062796	0.7323292134896541	0.002530972484282009	0.2457148294991083	0.003677930623431871	0.0031950026726720983	0.0016004727570647906
181	FILIPINAS	0.002966076772880118	0.0011996653563322178	0.0013135866055404978	0.9842295188756933	0.001357968904227604	0.0017022111637440768	0.0015321642672811136	0.002473600406785128	0.002148806141271596	0.0010764015062442668
