0	FÉMINA	0.007957067600236926	0.006670885351357062	0.008635328681331374	0.8688542572529492	0.009492959559912794	0.023986853613672608	0.022590980409325362	0.036746329451323875	0.006815396540956131	0.00824994153893473
1	DIRECTORA	0.005095851403219016	0.0042721568027666215	0.005530222185960773	0.017057526378731543	0.0060794646626657544	0.015361619102293805	0.014467676410783059	0.02353302044236767	0.004364704407650278	0.9042377582035616
2	REDACTORES:	0.011062849236793971	0.0092746477252252	0.40232320959211854	0.037031072484048425	0.013198226494791911	0.4236667012417707	0.031408632292163896	0.05108905983322975	0.009475564141156698	0.011470036958700892
3	VALERA	0.4013802114349696	0.0092746477252252	0.012005847393942885	0.037031072484048425	0.013198226494791911	0.03334933904359508	0.031408632292163896	0.05108905983322975	0.009475564141156698	0.4017873991568765
4	GOMEZ,	0.011062849236793971	0.0092746477252252	0.012005847393942885	0.8176657968803998	0.013198226494791911	0.03334933904359508	0.031408632292163896	0.05108905983322975	0.009475564141156698	0.011470036958700892
5	Año	0.005095851403219016	0.0042721568027666215	0.005530222185960773	0.736221002363959	0.0060794646626657544	0.19515248809860067	0.014467676410783059	0.02353302044236767	0.004364704407650278	0.005283413222027121
6	APARECE	9.923394102659725E-4	8.319374382744309E-4	0.0010769265012691436	0.3184254821169367	0.00118388310425842	0.6682105508804194	0.0028173595227534024	0.004582697135321574	8.499596740864408E-4	0.0010288642164145339
7	Verdad	5.959212241326474E-4	4.995963795143425E-4	0.10577261929872163	0.10712065021288174	7.109473446494922E-4	0.779728097592436	0.0016918851738146566	0.0027520084947327147	5.104191209227702E-4	6.178551581940029E-4
8	Hemos	0.0033103430450063167	0.002775258428901853	0.003592516951940652	0.011080830139037486	0.003949313268967056	0.9443383391862651	0.009398423971622088	0.015287410166664763	0.0028353787691388294	0.0034321860724556516
9	Negarlo	0.011062849236793971	0.0092746477252252	0.012005847393942885	0.037031072484048425	0.013198226494791911	0.4236667012417707	0.42172599449033954	0.05108905983322975	0.009475564141156698	0.011470036958700892
10	La	0.0029641459200374517	0.9437089610339473	0.0032168099562442615	0.009921992071729025	0.003536292358224805	0.008935519697154039	0.008415532677886752	0.013688646118357788	0.0025388536160872825	0.003073246550331273
11	Somos	0.011062849236793971	0.0092746477252252	0.7926405717902942	0.037031072484048425	0.013198226494791911	0.03334933904359508	0.031408632292163896	0.05108905983322975	0.009475564141156698	0.011470036958700892
12	NO,	0.007957067600236926	0.006670885351357062	0.008635328681331374	0.02663497809269969	0.009492959559912794	0.3047266133337557	0.5840704998494917	0.036746329451323875	0.006815396540956131	0.00824994153893473
13	En	0.004319283643510694	0.003621113635504832	0.0046874597280665035	0.014458093232441297	0.005153001961981437	0.7749813870501233	0.012262916073499759	0.17233892444993232	0.0036995577117523363	0.004478262513187547
14	Pero	6.819499479671313E-4	5.717194005134745E-4	7.400794162836649E-4	0.21882658162578855	8.135815357084377E-4	0.7719895075995252	0.0019361300781467778	0.003149295534018994	5.84104540765999E-4	7.070503212817867E-4
15	La	0.0016138929062465362	0.0013530228832815908	0.05869252667925071	0.005402241675131677	0.0019254103223368768	0.9159221821982337	0.004582017504372976	0.007453077366129697	0.0013823333774842844	0.0016732950875318624
16	La	0.0033103430450063167	0.11957015797436381	0.003592516951940652	0.011080830139037486	0.003949313268967056	0.8275434396408033	0.009398423971622088	0.015287410166664763	0.0028353787691388294	0.0034321860724556516
17	Y	0.0022562630022313194	0.0018915601282494638	0.0024485870416904353	0.40557770064670284	0.002691772209660704	0.4844318589054211	0.00640577607763137	0.010419590202596304	0.08153758303540243	0.002339308750413972
18	¡Ojalá	0.0012562358637830482	0.0010531776079557495	0.001363317509671508	0.0928495974810538	0.0014987174737901574	0.8902325068297737	0.0035665902583722864	0.005801390567269507	0.001075992562938273	0.001302473845391829
19	Contra	8.704379459682465E-4	7.297401548846978E-4	9.446341463675588E-4	0.0029136481913548708	0.001038451931744816	0.985364048061129	0.002471268006359096	0.00401974711494602	7.455484940070519E-4	9.024759532386832E-4
20	El	0.004319283643510694	0.003621113635504832	0.0046874597280665035	0.014458093232441297	0.005153001961981437	0.16541278054188055	0.7742236742088031	0.019946772822871658	0.0036995577117523363	0.004478262513187547
21	¿Qué	0.0011088019783982179	9.29574969933919E-4	0.001203316348059429	0.0037115326760450355	0.00132282555203781	0.04246306412239058	0.0031480094213438	0.6701697519210575	0.1574318822051424	0.11851124080559121
22	Porque	9.27400019207284E-4	7.774948654192557E-4	0.0010064516713028141	0.10126537756707296	0.0011064089587393927	0.6572027337658162	0.0026329895280638176	0.20060491856715493	0.033514690440948486	9.615346162748731E-4
23	El	0.0037481022735292874	0.003142258154389708	0.00406759081224936	0.012546157323293063	0.004471569816495124	0.9369776501685865	0.010641270036580662	0.01730901481297737	0.0032103287986896966	0.0038860578032093463
24	MARIA	0.011062849236793971	0.0092746477252252	0.012005847393942885	0.42734843468222405	0.013198226494791911	0.03334933904359508	0.031408632292163896	0.4414064220314054	0.009475564141156698	0.011470036958700892
25	DE	0.004319283643510694	0.003621113635504832	0.0046874597280665035	0.624026699740684	0.005153001961981437	0.013020628914819896	0.012262916073499759	0.32473107607699303	0.0036995577117523363	0.004478262513187547
26	EVOLUCIÓN	0.011062849236793971	0.3995920099234009	0.012005847393942885	0.037031072484048425	0.013198226494791911	0.03334933904359508	0.42172599449033954	0.05108905983322975	0.009475564141156698	0.011470036958700892
27	FUNDAR	6.987624732365757E-4	5.85814345306443E-4	7.583250425569065E-4	0.4954111109733726	0.07479445699270428	0.42121774399652706	0.0019838626660893506	0.003226937025017677	5.985048239259282E-4	7.244816612631952E-4
28	Mas,	8.704379459682465E-4	7.297401548846978E-4	9.446341463675588E-4	0.09504553097004036	0.001038451931744816	0.8932321652824434	0.002471268006359096	0.00401974711494602	7.455484940070519E-4	9.024759532386832E-4
29	La	0.011062849236793971	0.0092746477252252	0.012005847393942885	0.42734843468222405	0.013198226494791911	0.03334933904359508	0.031408632292163896	0.05108905983322975	0.009475564141156698	0.4017873991568765
30	Evolución	0.00621286841440451	0.44361112433621763	0.006742453816861827	0.02079655752900261	0.007412090932499483	0.23793015795836336	0.017639009203761127	0.24789274070853892	0.005321453081495412	0.00644154401885503
31	Y,	0.0011539449300421076	9.674210044239712E-4	0.0012523072885258424	0.0038626412990305937	0.001376682102704513	0.8991704934726419	0.04398944275499542	0.04604227101794799	9.883782166722665E-4	0.001196417913015349
32	Sí,	0.011062849236793971	0.0092746477252252	0.40232320959211854	0.037031072484048425	0.013198226494791911	0.4236667012417707	0.031408632292163896	0.05108905983322975	0.009475564141156698	0.011470036958700892
33	¿Cómo?	0.0018213072576311554	0.0015269107308941566	0.0019765556344991976	0.006096527181148536	0.002172860281135908	0.7123396075116293	0.005170889408465301	0.2654470101514994	0.0015599881523324084	0.0018883436907645688
34	Incuestionablemente,	0.0016138929062465362	0.0013530228832815908	0.0017514612671498471	0.005402241675131677	0.0019254103223368768	0.9159221821982337	0.004582017504372976	0.06439414277823055	0.0013823333774842844	0.0016732950875318624
35	Toca	0.0018213072576311554	0.0015269107308941566	0.0019765556344991976	0.006096527181148536	0.002172860281135908	0.9693756854097683	0.005170889408465301	0.008410932253360382	0.0015599881523324084	0.0018883436907645688
36	Reconfortémos	0.0010670580871805868	0.07619006330292678	0.001158014204202909	0.003571801850074356	0.001273024156459548	0.8314670153099339	0.003029493973683354	0.08022323826947624	9.139577997494074E-4	0.0011063330463128454
37	PETRONILA	0.0033103430450063167	0.002775258428901853	0.003592516951940652	0.12787572968449942	0.003949313268967056	0.12677404236803158	0.5933729216989317	0.1320823097121267	0.0028353787691388294	0.0034321860724556516
38	Fémina	7.970080900427627E-4	6.681795178692495E-4	8.649451236275131E-4	0.19950707856568897	9.508484718005916E-4	0.2273617222856623	0.002262792658402671	0.5660784276344862	6.826542707554425E-4	8.2634338166425E-4
39	La	0.0013144973808569033	0.0011020217199228576	0.0014265452431383896	0.09715576208349762	0.0015682247663340596	0.6996303310155484	0.0037320010424648892	0.006070446582410822	0.001125894783440231	0.1868742753823858
40	Y,	0.0013784258045403557	0.001155616738403358	0.29329607992362355	0.05324741368947907	0.0016444928051701146	0.1014220309356216	0.052546860289618726	0.4926992677814287	0.0011806508292011098	0.0014291612029132944
41	Ella,	3.4750508404851474E-4	2.913342818191361E-4	0.22106808655464832	0.013423825140663733	4.1458133516905426E-4	0.41790826844173534	0.013247213626792573	0.3326412444645315	2.9764544764184197E-4	3.602956229500279E-4
42	DE	0.005095851403219016	0.0042721568027666215	0.005530222185960773	0.9160118713602659	0.0060794646626657544	0.015361619102293805	0.014467676410783059	0.02353302044236767	0.004364704407650278	0.005283413222027121
43	DISCURSO	0.0019463797092742487	0.0016317664425007014	0.0021122892719620586	0.006515186689509988	0.0023220745124529424	0.005867428493581468	0.9669312137466323	0.00898852612892643	0.0016671153500794605	0.0020180196550803726
44	Señores:	0.0013784258045403557	0.001155616738403358	0.0014959229307892502	0.24778085168470196	0.0016444928051701146	0.19868874993323307	0.29571365778364733	0.24953247028740014	0.0011806508292011098	0.0014291612029132944
45	Lo	0.002089896680632172	0.0017520852973856586	0.0022680396414810995	0.8180843359526123	0.1499639752412129	0.00630006533368292	0.005933443994904569	0.009651298167110123	0.001790040668714703	0.0021668190222634016
46	¡Cuánta	5.496917513202679E-4	4.608394493889934E-4	0.4466613257266794	0.04062824452013636	6.557945499351506E-4	0.0016570646667837775	0.0015606346721088766	0.3710268123940903	4.708226005807367E-4	0.13632876966897617
47	Ya	5.718737276223458E-4	0.020656177025623553	0.6260995943813011	0.0019142534627402377	6.822581436324443E-4	0.001723932996318147	0.0016236117155696411	0.3456455540641141	4.898219320123626E-4	5.929225510659929E-4
48	¿Habrá	0.1359879404326997	0.003142258154389708	0.00406759081224936	0.27702583364163386	0.004471569816495124	0.011298783054393498	0.010641270036580662	0.01730901481297737	0.5321696814353714	0.0038860578032093463
49	Yo	0.0011539449300421076	9.674210044239712E-4	0.0012523072885258424	0.24814224680137675	0.001376682102704513	0.2070449445493278	0.0032761751712710556	0.5346014820226404	9.883782166722665E-4	0.001196417913015349
50	Rompe	0.0013144973808569033	0.0011020217199228576	0.0014265452431383896	0.004400064282599817	0.0015682247663340596	0.003962597508814899	0.0037320010424648892	0.9800052734918376	0.001125894783440231	0.0013628797805901977
51	La	0.0037481022735292874	0.003142258154389708	0.00406759081224936	0.012546157323293063	0.004471569816495124	0.011298783054393498	0.010641270036580662	0.9429878819271703	0.0032103287986896966	0.0038860578032093463
52	Miguel	0.011062849236793971	0.0092746477252252	0.012005847393942885	0.037031072484048425	0.013198226494791911	0.03334933904359508	0.42172599449033954	0.05108905983322975	0.3997929263393324	0.011470036958700892
53	Guerrero	0.011062849236793971	0.3995920099234009	0.012005847393942885	0.037031072484048425	0.013198226494791911	0.4236667012417707	0.031408632292163896	0.05108905983322975	0.009475564141156698	0.011470036958700892
54	Fémina.	0.4013802114349696	0.0092746477252252	0.012005847393942885	0.037031072484048425	0.013198226494791911	0.03334933904359508	0.031408632292163896	0.05108905983322975	0.3997929263393324	0.011470036958700892
55	Página7	0.0029641459200374517	0.002485020687353953	0.0032168099562442615	0.009921992071729025	0.003536292358224805	0.8455790222274591	0.008415532677886752	0.013688646118357788	0.0025388536160872825	0.1076536843666194
56	El	0.0033103430450063167	0.002775258428901853	0.003592516951940652	0.011080830139037486	0.003949313268967056	0.9443383391862651	0.009398423971622088	0.015287410166664763	0.0028353787691388294	0.0034321860724556516
57	Y	6.220799086641544E-4	5.21526768222716E-4	6.751060500237077E-4	0.08987473489079678	7.421552401800918E-4	0.8359033137709669	0.0676104708811128	0.0028728112436975954	5.328245869850024E-4	6.449766593502761E-4
58	A	0.002451407401423528	0.0020551613415823655	0.002660365565137375	0.008205684017470632	0.002924583841149163	0.9587808860171906	0.006959812252843642	0.011320781538847368	0.0020996822401808802	0.0025416357841742893
59	Viene	0.0019463797092742487	0.0016317664425007014	0.0021122892719620586	0.07518698883549499	0.0023220745124529424	0.8986008563913865	0.0055259837028422	0.00898852612892643	0.0016671153500794605	0.0020180196550803726
60	Viene	0.0013784258045403557	0.001155616738403358	0.0014959229307892502	0.44231428967992487	0.0016444928051701146	0.539122266424873	0.003913500790813002	0.006365672793371504	0.0011806508292011098	0.0014291612029132944
61	La	0.002683503906603172	0.002249741713936869	0.002912245995052898	0.008982588983147674	0.0032014801612962798	0.9548783065045172	0.007618759476244145	0.012392620446383878	0.002298477801314765	0.002782275011502974
62	Si	0.0011539449300421076	9.674210044239712E-4	0.20481864520714763	0.04457590888275496	0.001376682102704513	0.7363174231377444	0.0032761751712710556	0.005329003434223632	9.883782166722665E-4	0.001196417913015349
63	Nunca	0.0022562630022313194	0.0018915601282494638	0.0024485870416904353	0.007552470163004602	0.002691772209660704	0.962062135485859	0.00640577607763137	0.010419590202596304	0.0019325369386627759	0.002339308750413972
64	Yo	0.0019463797092742487	0.0016317664425007014	0.0021122892719620586	0.006515186689509988	0.0023220745124529424	0.8299290542454015	0.1428695879948122	0.00898852612892643	0.0016671153500794605	0.0020180196550803726
65	La	0.0011539449300421076	9.674210044239712E-4	0.0012523072885258424	0.0038626412990305937	0.001376682102704513	0.9805970286400906	0.0032761751712710556	0.005329003434223632	9.883782166722665E-4	0.001196417913015349
66	Venga	0.002683503906603172	0.002249741713936869	0.002912245995052898	0.2930192265223011	0.0032014801612962798	0.6708416689653639	0.007618759476244145	0.012392620446383878	0.002298477801314765	0.002782275011502974
67	V.	0.011062849236793971	0.0092746477252252	0.012005847393942885	0.42734843468222405	0.013198226494791911	0.03334933904359508	0.031408632292163896	0.05108905983322975	0.3997929263393324	0.011470036958700892
68	VALERA	0.011062849236793971	0.0092746477252252	0.012005847393942885	0.037031072484048425	0.013198226494791911	0.03334933904359508	0.031408632292163896	0.05108905983322975	0.009475564141156698	0.7921047613550523
69	Fémina	0.011062849236793971	0.0092746477252252	0.012005847393942885	0.037031072484048425	0.013198226494791911	0.03334933904359508	0.42172599449033954	0.4414064220314054	0.009475564141156698	0.011470036958700892
70	Página	0.011062849236793971	0.0092746477252252	0.012005847393942885	0.037031072484048425	0.013198226494791911	0.8139840634399463	0.031408632292163896	0.05108905983322975	0.009475564141156698	0.011470036958700892
71	Fémina	0.011062849236793971	0.0092746477252252	0.012005847393942885	0.42734843468222405	0.013198226494791911	0.03334933904359508	0.42172599449033954	0.05108905983322975	0.009475564141156698	0.011470036958700892
72	Restablecido	0.002683503906603172	0.002249741713936869	0.002912245995052898	0.008982588983147674	0.0032014801612962798	0.008089514707339202	0.9544075512734221	0.012392620446383878	0.002298477801314765	0.002782275011502974
73	Geraldino,	0.011062849236793971	0.0092746477252252	0.012005847393942885	0.037031072484048425	0.013198226494791911	0.03334933904359508	0.42172599449033954	0.05108905983322975	0.3997929263393324	0.011470036958700892
74	Ayuntamiento.	0.4013802114349696	0.0092746477252252	0.012005847393942885	0.037031072484048425	0.013198226494791911	0.4236667012417707	0.031408632292163896	0.05108905983322975	0.009475564141156698	0.011470036958700892
75	Lo	0.011062849236793971	0.3995920099234009	0.012005847393942885	0.037031072484048425	0.40351558869296755	0.03334933904359508	0.031408632292163896	0.05108905983322975	0.009475564141156698	0.011470036958700892
76	ESPONSALES.	0.011062849236793971	0.3995920099234009	0.40232320959211854	0.037031072484048425	0.013198226494791911	0.03334933904359508	0.031408632292163896	0.05108905983322975	0.009475564141156698	0.011470036958700892
77	Ha	0.0037481022735292874	0.003142258154389708	0.00406759081224936	0.012546157323293063	0.004471569816495124	0.011298783054393498	0.6718404608324327	0.2817886911313182	0.0032103287986896966	0.0038860578032093463
78	Alfaro	0.005095851403219016	0.0042721568027666215	0.005530222185960773	0.017057526378731543	0.0060794646626657544	0.015361619102293805	0.7336311523960105	0.02353302044236767	0.004364704407650278	0.18507428221833397
79	Tambien	0.002451407401423528	0.0020551613415823655	0.002660365565137375	0.008205684017470632	0.002924583841149163	0.007389851819741846	0.9583508464502924	0.011320781538847368	0.0020996822401808802	0.0025416357841742893
80	Lelé	0.011062849236793971	0.0092746477252252	0.012005847393942885	0.8176657968803998	0.013198226494791911	0.03334933904359508	0.031408632292163896	0.05108905983322975	0.009475564141156698	0.011470036958700892
81	Que	0.00621286841440451	0.005208618925686388	0.006742453816861827	0.02079655752900261	0.007412090932499483	0.018728905253097745	0.017639009203761127	0.9054964988243359	0.005321453081495412	0.00644154401885503
82	TRIUNFOS	0.011062849236793971	0.0092746477252252	0.012005847393942885	0.8176657968803998	0.013198226494791911	0.03334933904359508	0.031408632292163896	0.05108905983322975	0.009475564141156698	0.011470036958700892
83	Robusteciendo	0.001202919722589639	0.0010084795001669695	0.0013054566963221718	0.004026576380662824	0.0014351101252457557	0.7251264215881676	0.21562115486460728	0.005555172665424865	0.0010303261613790013	0.043688382295433745
84	Que	0.00621286841440451	0.005208618925686388	0.006742453816861827	0.8976015683500652	0.007412090932499483	0.018728905253097745	0.017639009203761127	0.028691488003273286	0.005321453081495412	0.00644154401885503
85	HIMENEO.	0.011062849236793971	0.0092746477252252	0.012005847393942885	0.037031072484048425	0.013198226494791911	0.4236667012417707	0.031408632292163896	0.05108905983322975	0.3997929263393324	0.011470036958700892
86	Familiarmente	0.005095851403219016	0.0042721568027666215	0.005530222185960773	0.017057526378731543	0.0060794646626657544	0.015361619102293805	0.9134220213923173	0.02353302044236767	0.004364704407650278	0.005283413222027121
87	Leonor,	0.00621286841440451	0.005208618925686388	0.006742453816861827	0.02079655752900261	0.007412090932499483	0.23793015795836336	0.675242767319558	0.028691488003273286	0.005321453081495412	0.00644154401885503
88	Que	0.4013802114349696	0.0092746477252252	0.012005847393942885	0.037031072484048425	0.013198226494791911	0.03334933904359508	0.42172599449033954	0.05108905983322975	0.009475564141156698	0.011470036958700892
89	ALEGRIAS	0.011062849236793971	0.0092746477252252	0.40232320959211854	0.037031072484048425	0.013198226494791911	0.03334933904359508	0.031408632292163896	0.4414064220314054	0.009475564141156698	0.011470036958700892
90	Un	0.001202919722589639	0.0010084795001669695	0.0013054566963221718	0.004026576380662824	0.0014351101252457557	0.0036262428251706926	0.9795625206136629	0.005555172665424865	0.0010303261613790013	0.0012471953093751034
91	ATINADO	0.011062849236793971	0.0092746477252252	0.012005847393942885	0.42734843468222405	0.013198226494791911	0.03334933904359508	0.42172599449033954	0.05108905983322975	0.009475564141156698	0.011470036958700892
92	Se	0.0017113383342810702	0.0014347172097710298	0.0018572129512936604	0.005728424255364661	0.0020416648967736557	0.005158888194772165	0.9105454253091007	0.06828220423612201	0.001465797445722033	0.0017743271667990338
93	NUEVA	0.4013802114349696	0.0092746477252252	0.012005847393942885	0.037031072484048425	0.013198226494791911	0.4236667012417707	0.031408632292163896	0.05108905983322975	0.009475564141156698	0.011470036958700892
94	Bajo	0.00621286841440451	0.005208618925686388	0.006742453816861827	0.02079655752900261	0.007412090932499483	0.018728905253097745	0.8944440200248236	0.028691488003273286	0.005321453081495412	0.00644154401885503
95	A.	0.011062849236793971	0.0092746477252252	0.012005847393942885	0.037031072484048425	0.40351558869296755	0.03334933904359508	0.031408632292163896	0.05108905983322975	0.3997929263393324	0.011470036958700892
96	Scaroina	0.0029641459200374517	0.002485020687353953	0.0032168099562442615	0.5328241811531698	0.31727760580708925	0.11351595751344216	0.008415532677886752	0.013688646118357788	0.0025388536160872825	0.003073246550331273
97	Nos	0.011062849236793971	0.3995920099234009	0.012005847393942885	0.037031072484048425	0.40351558869296755	0.03334933904359508	0.031408632292163896	0.05108905983322975	0.009475564141156698	0.011470036958700892
98	PEDIMOS	0.4013802114349696	0.0092746477252252	0.012005847393942885	0.037031072484048425	0.013198226494791911	0.03334933904359508	0.031408632292163896	0.05108905983322975	0.3997929263393324	0.011470036958700892
99	Por	0.002683503906603172	0.002249741713936869	0.002912245995052898	0.9557713807803258	0.0032014801612962798	0.008089514707339202	0.007618759476244145	0.012392620446383878	0.002298477801314765	0.002782275011502974
100	Pedimos	0.23690014213593022	0.002775258428901853	0.003592516951940652	0.7118502274118091	0.003949313268967056	0.00997914282256964	0.009398423971622088	0.015287410166664763	0.0028353787691388294	0.0034321860724556516
101	EXCUSA.	0.011062849236793971	0.0092746477252252	0.012005847393942885	0.42734843468222405	0.013198226494791911	0.03334933904359508	0.031408632292163896	0.4414064220314054	0.009475564141156698	0.011470036958700892
102	Por	0.004319283643510694	0.003621113635504832	0.0046874597280665035	0.624026699740684	0.005153001961981437	0.31780493216894123	0.012262916073499759	0.019946772822871658	0.0036995577117523363	0.004478262513187547
103	Moscoso	0.007957067600236926	0.006670885351357062	0.008635328681331374	0.8688542572529492	0.009492959559912794	0.023986853613672608	0.022590980409325362	0.036746329451323875	0.006815396540956131	0.00824994153893473
104	DE	0.007957067600236926	0.006670885351357062	0.008635328681331374	0.8688542572529492	0.009492959559912794	0.023986853613672608	0.022590980409325362	0.036746329451323875	0.006815396540956131	0.00824994153893473
105	Está	0.0029641459200374517	0.002485020687353953	0.0032168099562442615	0.009921992071729025	0.003536292358224805	0.11351595751344216	0.8450590352081918	0.013688646118357788	0.0025388536160872825	0.003073246550331273
106	Larga	0.011062849236793971	0.0092746477252252	0.012005847393942885	0.8176657968803998	0.013198226494791911	0.03334933904359508	0.031408632292163896	0.05108905983322975	0.009475564141156698	0.011470036958700892
107	DEL	0.011062849236793971	0.3995920099234009	0.012005847393942885	0.037031072484048425	0.013198226494791911	0.03334933904359508	0.42172599449033954	0.05108905983322975	0.009475564141156698	0.011470036958700892
108	El	0.002451407401423528	0.0020551613415823655	0.002660365565137375	0.008205684017470632	0.002924583841149163	0.007389851819741846	0.9583508464502924	0.011320781538847368	0.0020996822401808802	0.0025416357841742893
109	Una	0.005095851403219016	0.0042721568027666215	0.005530222185960773	0.1968483953750384	0.0060794646626657544	0.015361619102293805	0.014467676410783059	0.7426964964275952	0.004364704407650278	0.005283413222027121
110	Página	0.011062849236793971	0.0092746477252252	0.012005847393942885	0.8176657968803998	0.013198226494791911	0.03334933904359508	0.031408632292163896	0.05108905983322975	0.009475564141156698	0.011470036958700892
111	Ha	0.0037481022735292874	0.003142258154389708	0.00406759081224936	0.012546157323293063	0.13671140797566556	0.011298783054393498	0.804080298991603	0.01730901481297737	0.0032103287986896966	0.0038860578032093463
112	Patín	0.007957067600236926	0.006670885351357062	0.008635328681331374	0.30737473781278285	0.009492959559912794	0.5854663730538389	0.022590980409325362	0.036746329451323875	0.006815396540956131	0.00824994153893473
113	Por	0.011062849236793971	0.0092746477252252	0.012005847393942885	0.037031072484048425	0.013198226494791911	0.03334933904359508	0.8120433566885152	0.05108905983322975	0.009475564141156698	0.011470036958700892
114	También	0.011062849236793971	0.0092746477252252	0.012005847393942885	0.037031072484048425	0.013198226494791911	0.03334933904359508	0.031408632292163896	0.05108905983322975	0.790110288537508	0.011470036958700892
115	Curso	0.0016138929062465362	0.0013530228832815908	0.0017514612671498471	0.005402241675131677	0.0019254103223368768	0.0048651356046199275	0.9725801295100877	0.007453077366129697	0.0013823333774842844	0.0016732950875318624
116	Reciban	0.011062849236793971	0.0092746477252252	0.012005847393942885	0.8176657968803998	0.013198226494791911	0.03334933904359508	0.031408632292163896	0.05108905983322975	0.009475564141156698	0.011470036958700892
117	FORD	0.001448890202639626	0.0012146912548820943	0.0015723937198398878	0.004849922200596182	0.7685206251315243	0.2088456137463059	0.00411355688144721	0.006691082619859334	0.0012410050751612703	0.0015022191677441946
118	E.	0.011062849236793971	0.0092746477252252	0.012005847393942885	0.42734843468222405	0.40351558869296755	0.03334933904359508	0.031408632292163896	0.05108905983322975	0.009475564141156698	0.011470036958700892
119	C.	0.4013802114349696	0.3995920099234009	0.012005847393942885	0.037031072484048425	0.013198226494791911	0.03334933904359508	0.031408632292163896	0.05108905983322975	0.009475564141156698	0.011470036958700892
120	LESCHHORN,	0.00621286841440451	0.005208618925686388	0.006742453816861827	0.6784003156447995	0.007412090932499483	0.018728905253097745	0.017639009203761127	0.24789274070853892	0.005321453081495412	0.00644154401885503
121	Camión	0.4013802114349696	0.3995920099234009	0.012005847393942885	0.037031072484048425	0.013198226494791911	0.03334933904359508	0.031408632292163896	0.05108905983322975	0.009475564141156698	0.011470036958700892
122	Fémina	0.007957067600236926	0.006670885351357062	0.008635328681331374	0.8688542572529492	0.009492959559912794	0.023986853613672608	0.022590980409325362	0.036746329451323875	0.006815396540956131	0.00824994153893473
123	SUMARIO:	0.011062849236793971	0.0092746477252252	0.012005847393942885	0.42734843468222405	0.013198226494791911	0.03334933904359508	0.42172599449033954	0.05108905983322975	0.009475564141156698	0.011470036958700892
124	La	0.007957067600236926	0.006670885351357062	0.008635328681331374	0.02663497809269969	0.009492959559912794	0.023986853613672608	0.5840704998494917	0.317486089171407	0.006815396540956131	0.00824994153893473
125	La	0.011062849236793971	0.3995920099234009	0.012005847393942885	0.037031072484048425	0.013198226494791911	0.03334933904359508	0.42172599449033954	0.05108905983322975	0.009475564141156698	0.011470036958700892
126	Suncar.	0.011062849236793971	0.3995920099234009	0.012005847393942885	0.037031072484048425	0.013198226494791911	0.4236667012417707	0.031408632292163896	0.05108905983322975	0.009475564141156698	0.011470036958700892
127	Voz	0.011062849236793971	0.0092746477252252	0.012005847393942885	0.037031072484048425	0.013198226494791911	0.4236667012417707	0.031408632292163896	0.4414064220314054	0.009475564141156698	0.011470036958700892
128	L.	0.011062849236793971	0.3995920099234009	0.012005847393942885	0.037031072484048425	0.013198226494791911	0.03334933904359508	0.42172599449033954	0.05108905983322975	0.009475564141156698	0.011470036958700892
129	Angelis	0.011062849236793971	0.0092746477252252	0.012005847393942885	0.42734843468222405	0.013198226494791911	0.03334933904359508	0.42172599449033954	0.05108905983322975	0.009475564141156698	0.011470036958700892
130	Loreley,	0.011062849236793971	0.0092746477252252	0.012005847393942885	0.037031072484048425	0.013198226494791911	0.4236667012417707	0.031408632292163896	0.4414064220314054	0.009475564141156698	0.011470036958700892
131	Canción	0.011062849236793971	0.0092746477252252	0.012005847393942885	0.037031072484048425	0.013198226494791911	0.03334933904359508	0.8120433566885152	0.05108905983322975	0.009475564141156698	0.011470036958700892
132	Sublime	0.011062849236793971	0.0092746477252252	0.012005847393942885	0.037031072484048425	0.013198226494791911	0.03334933904359508	0.42172599449033954	0.05108905983322975	0.009475564141156698	0.4017873991568765
133	Gómez.	0.011062849236793971	0.0092746477252252	0.40232320959211854	0.037031072484048425	0.013198226494791911	0.4236667012417707	0.031408632292163896	0.05108905983322975	0.009475564141156698	0.011470036958700892
134	Mi	0.011062849236793971	0.0092746477252252	0.012005847393942885	0.42734843468222405	0.013198226494791911	0.03334933904359508	0.031408632292163896	0.05108905983322975	0.009475564141156698	0.4017873991568765
135	Portela	0.011062849236793971	0.3995920099234009	0.012005847393942885	0.037031072484048425	0.013198226494791911	0.4236667012417707	0.031408632292163896	0.05108905983322975	0.009475564141156698	0.011470036958700892
136	Romántica,	0.011062849236793971	0.0092746477252252	0.012005847393942885	0.037031072484048425	0.013198226494791911	0.03334933904359508	0.8120433566885152	0.05108905983322975	0.009475564141156698	0.011470036958700892
137	POR	0.005095851403219016	0.0042721568027666215	0.005530222185960773	0.1968483953750384	0.0060794646626657544	0.7345250950875214	0.014467676410783059	0.02353302044236767	0.004364704407650278	0.005283413222027121
138	SAN	0.011062849236793971	0.0092746477252252	0.012005847393942885	0.42734843468222405	0.013198226494791911	0.03334933904359508	0.031408632292163896	0.05108905983322975	0.3997929263393324	0.011470036958700892
139	D.	0.4013802114349696	0.0092746477252252	0.012005847393942885	0.037031072484048425	0.013198226494791911	0.03334933904359508	0.031408632292163896	0.4414064220314054	0.009475564141156698	0.011470036958700892
140	FEMINA	0.4013802114349696	0.3995920099234009	0.012005847393942885	0.037031072484048425	0.013198226494791911	0.03334933904359508	0.031408632292163896	0.05108905983322975	0.009475564141156698	0.011470036958700892
141	ALFARO	0.011062849236793971	0.3995920099234009	0.012005847393942885	0.037031072484048425	0.013198226494791911	0.03334933904359508	0.031408632292163896	0.05108905983322975	0.3997929263393324	0.011470036958700892
142	APARTADO	0.011062849236793971	0.0092746477252252	0.012005847393942885	0.037031072484048425	0.013198226494791911	0.03334933904359508	0.42172599449033954	0.4414064220314054	0.009475564141156698	0.011470036958700892
143	San	0.011062849236793971	0.0092746477252252	0.012005847393942885	0.8176657968803998	0.013198226494791911	0.03334933904359508	0.031408632292163896	0.05108905983322975	0.009475564141156698	0.011470036958700892
144	D.	0.011062849236793971	0.0092746477252252	0.012005847393942885	0.037031072484048425	0.013198226494791911	0.03334933904359508	0.42172599449033954	0.4414064220314054	0.009475564141156698	0.011470036958700892
145	Grandes	0.00621286841440451	0.005208618925686388	0.006742453816861827	0.02079655752900261	0.007412090932499483	0.018728905253097745	0.017639009203761127	0.028691488003273286	0.8821264639025581	0.00644154401885503
146	Material	0.007957067600236926	0.006670885351357062	0.008635328681331374	0.02663497809269969	0.009492959559912794	0.023986853613672608	0.022590980409325362	0.036746329451323875	0.8490346757012055	0.00824994153893473
147	Pintura,	0.011062849236793971	0.3995920099234009	0.40232320959211854	0.037031072484048425	0.013198226494791911	0.03334933904359508	0.031408632292163896	0.05108905983322975	0.009475564141156698	0.011470036958700892
148	Válvulas,	0.0029641459200374517	0.002485020687353953	0.0032168099562442615	0.009921992071729025	0.003536292358224805	0.008935519697154039	0.008415532677886752	0.954912586464951	0.0025388536160872825	0.003073246550331273
149	Haga	0.011062849236793971	0.0092746477252252	0.012005847393942885	0.42734843468222405	0.013198226494791911	0.03334933904359508	0.031408632292163896	0.4414064220314054	0.009475564141156698	0.011470036958700892
150	Nuestros	0.8946798076070793	0.0016317664425007014	0.0021122892719620586	0.006515186689509988	0.0023220745124529424	0.005867428493581468	0.0741977858488272	0.00898852612892643	0.0016671153500794605	0.0020180196550803726
151	Prestamos	0.8501763467604864	0.006670885351357062	0.008635328681331374	0.02663497809269969	0.009492959559912794	0.023986853613672608	0.022590980409325362	0.036746329451323875	0.006815396540956131	0.00824994153893473
152	Garantizamos	0.0037481022735292874	0.003142258154389708	0.00406759081224936	0.012546157323293063	0.930150436930688	0.011298783054393498	0.010641270036580662	0.01730901481297737	0.0032103287986896966	0.0038860578032093463
153	Escríbanos	0.011062849236793971	0.0092746477252252	0.012005847393942885	0.8176657968803998	0.013198226494791911	0.03334933904359508	0.031408632292163896	0.05108905983322975	0.009475564141156698	0.011470036958700892
154	FERNANDEZ	0.011062849236793971	0.0092746477252252	0.012005847393942885	0.037031072484048425	0.013198226494791911	0.03334933904359508	0.031408632292163896	0.4414064220314054	0.009475564141156698	0.4017873991568765
155	S.	0.011062849236793971	0.3995920099234009	0.012005847393942885	0.037031072484048425	0.013198226494791911	0.03334933904359508	0.42172599449033954	0.05108905983322975	0.009475564141156698	0.011470036958700892
156	Trinitaria,	0.007957067600236926	0.006670885351357062	0.008635328681331374	0.02663497809269969	0.009492959559912794	0.023986853613672608	0.5840704998494917	0.036746329451323875	0.006815396540956131	0.28898970125901785
157	S.	0.011062849236793971	0.0092746477252252	0.012005847393942885	0.037031072484048425	0.40351558869296755	0.4236667012417707	0.031408632292163896	0.05108905983322975	0.009475564141156698	0.011470036958700892
158	P.	0.011062849236793971	0.0092746477252252	0.012005847393942885	0.42734843468222405	0.013198226494791911	0.03334933904359508	0.031408632292163896	0.05108905983322975	0.009475564141156698	0.4017873991568765
159	FÉMINA	0.007957067600236926	0.006670885351357062	0.008635328681331374	0.8688542572529492	0.009492959559912794	0.023986853613672608	0.022590980409325362	0.036746329451323875	0.006815396540956131	0.00824994153893473
160	DIRECTORA	0.005095851403219016	0.0042721568027666215	0.005530222185960773	0.017057526378731543	0.0060794646626657544	0.015361619102293805	0.014467676410783059	0.02353302044236767	0.004364704407650278	0.9042377582035616
161	REDACTORES:	0.011062849236793971	0.0092746477252252	0.012005847393942885	0.037031072484048425	0.013198226494791911	0.03334933904359508	0.42172599449033954	0.05108905983322975	0.009475564141156698	0.4017873991568765
162	VALERA	0.011062849236793971	0.0092746477252252	0.012005847393942885	0.037031072484048425	0.013198226494791911	0.03334933904359508	0.031408632292163896	0.05108905983322975	0.009475564141156698	0.7921047613550523
163	GOMEZ,	0.0029641459200374517	0.002485020687353953	0.0032168099562442615	0.8465654946020341	0.003536292358224805	0.008935519697154039	0.008415532677886752	0.11826908393464593	0.0025388536160872825	0.003073246550331273
164	Concedednos	0.007957067600236926	0.006670885351357062	0.008635328681331374	0.02663497809269969	0.009492959559912794	0.866206132773922	0.022590980409325362	0.036746329451323875	0.006815396540956131	0.00824994153893473
165	Para	0.011062849236793971	0.0092746477252252	0.012005847393942885	0.037031072484048425	0.013198226494791911	0.8139840634399463	0.031408632292163896	0.05108905983322975	0.009475564141156698	0.011470036958700892
166	Magnolia.	0.4013802114349696	0.0092746477252252	0.012005847393942885	0.037031072484048425	0.013198226494791911	0.03334933904359508	0.031408632292163896	0.05108905983322975	0.3997929263393324	0.011470036958700892
167	COMBATIR	0.10368783243249317	0.0012146912548820943	0.0015723937198398878	0.004849922200596182	0.0017285584076227132	0.8733987382403539	0.00411355688144721	0.006691082619859334	0.0012410050751612703	0.0015022191677441946
168	Según	0.0033103430450063167	0.002775258428901853	0.003592516951940652	0.011080830139037486	0.003949313268967056	0.5939536405498794	0.009398423971622088	0.3656721088030506	0.0028353787691388294	0.0034321860724556516
169	Reconocido	8.445027369137089E-4	7.079971190254641E-4	0.1200988339540446	0.18160035293888155	0.0010075106474549502	0.0025457825098899305	0.002397635126874024	0.3018558407324239	7.2333443941312E-4	0.3882182097950787
170	Iremos	0.0016138929062465362	0.0013530228832815908	0.0017514612671498471	0.005402241675131677	0.0019254103223368768	0.9728632476103346	0.004582017504372976	0.007453077366129697	0.0013823333774842844	0.0016732950875318624
171	Elimínese	7.970080900427627E-4	6.681795178692495E-4	8.649451236275131E-4	0.002667853797969659	0.029070737724331924	0.7616396180837576	0.002262792658402671	0.20051986735157895	6.826542707554425E-4	8.2634338166425E-4
172	No	5.010998009764023E-4	4.201019131472363E-4	5.43813588243504E-4	0.0016773493567988841	5.978232667028865E-4	0.9738945641288052	0.0014226768397239296	0.01999382487234761	4.2920256831130714E-4	5.195436649431072E-4
173	Fémina	8.704379459682465E-4	7.297401548846978E-4	0.3387615376682144	0.0029136481913548708	0.001038451931744816	0.002623965088483666	0.03318189559925426	0.6182322989728493	7.455484940070519E-4	9.024759532386832E-4
174	El	0.011062849236793971	0.0092746477252252	0.012005847393942885	0.037031072484048425	0.013198226494791911	0.03334933904359508	0.031408632292163896	0.4414064220314054	0.009475564141156698	0.4017873991568765
175	Su	0.002451407401423528	0.0020551613415823655	0.2621306476189871	0.008205684017470632	0.002924583841149163	0.007389851819741846	0.006959812252843642	0.7032415336824465	0.0020996822401808802	0.0025416357841742893
176	Que	9.27400019207284E-4	0.09893855304804715	0.4918117425844423	0.0031043193844450664	0.06654711441382466	0.0027956792149635523	0.0026329895280638176	0.3314863294773254	7.943377134058498E-4	9.615346162748731E-4
177	De	0.5160503000142849	5.103260773224143E-4	0.10804426955076459	0.0020375891914932603	7.262161706024655E-4	0.0018350063398229895	0.0017282213391380226	0.36791556539255893	5.21381255853145E-4	6.311246681592762E-4
178	Las	6.087196648630929E-4	5.103260773224143E-4	6.606069779683879E-4	0.0020375891914932603	7.262161706024655E-4	0.0018350063398229895	0.0017282213391380226	0.6256363555672698	5.21381255853145E-4	0.36573557741566637
179	Sobre	0.0019463797092742487	0.0016317664425007014	0.6201585085858271	0.006515186689509988	0.0023220745124529424	0.005867428493581468	0.0055259837028422	0.35234753685885145	0.0016671153500794605	0.0020180196550803726
180	Mas	0.4477782992470399	7.079971190254641E-4	9.164882180109484E-4	0.002826834334831064	0.0010075106474549502	0.0025457825098899305	0.002397635126874024	0.5104249457704828	7.2333443941312E-4	0.030671172586977758
181	Página	0.011062849236793971	0.0092746477252252	0.012005847393942885	0.42734843468222405	0.013198226494791911	0.4236667012417707	0.031408632292163896	0.05108905983322975	0.009475564141156698	0.011470036958700892
182	Perdura	0.002683503906603172	0.002249741713936869	0.002912245995052898	0.008982588983147674	0.1925592385207319	0.008089514707339202	0.007618759476244145	0.7698236538841262	0.002298477801314765	0.002782275011502974
183	Raido	0.002089896680632172	0.0017520852973856586	0.0022680396414810995	0.0069955862010002605	0.002493293468192537	0.00630006533368292	0.005933443994904569	0.5257986843726815	0.4442020859877759	0.0021668190222634016
